3.320000000000000000e+03 7.567169999999999799e-03 2.621352681443272006e-03
3.320079999999999927e+03 3.501719999999999833e-03 2.641367173349732506e-03
3.320150000000000091e+03 4.115040000000000364e-03 2.659092032380827239e-03
3.320230000000000018e+03 1.038290000000000046e-02 2.679596710167644544e-03
3.320300000000000182e+03 1.073649999999999952e-02 2.697759524009752351e-03
3.320380000000000109e+03 5.114660000000000040e-03 2.718775370622267783e-03
3.320449999999999818e+03 2.959530000000000147e-03 2.737395048907054727e-03
3.320530000000000200e+03 2.276820000000000146e-03 2.758944327997418441e-03
3.320599999999999909e+03 -3.177119999999999857e-03 2.778040944010348040e-03
3.320679999999999836e+03 -6.715519999999999996e-03 2.800147300640885677e-03
3.320750000000000000e+03 -4.008639999999999946e-03 2.819742183545108881e-03
3.320829999999999927e+03 -1.501299999999999900e-03 2.842430754545078285e-03
3.320900000000000091e+03 -5.331220000000000230e-04 2.862546590512907337e-03
3.320980000000000018e+03 -1.616459999999999902e-03 2.885844125575851189e-03
3.321050000000000182e+03 -2.345600000000000202e-03 2.906505068841649594e-03
3.321130000000000109e+03 -9.760969999999999890e-04 2.930440063596257035e-03
3.321199999999999818e+03 -2.661590000000000136e-03 2.951671858575143602e-03
3.321280000000000200e+03 -4.026649999999999674e-03 2.976274701022343580e-03
3.321349999999999909e+03 -2.296470000000000108e-03 2.998104816793757330e-03
3.321429999999999836e+03 0.000000000000000000e+00 3.023407948688867572e-03
3.321500000000000000e+03 2.326920000000000117e-03 3.045865727316157852e-03
3.321579999999999927e+03 2.017989999999999888e-03 3.071903822292152732e-03
3.321650000000000091e+03 -8.308249999999999880e-04 3.095020642652710104e-03
3.321730000000000018e+03 -6.808250000000000066e-03 3.121830803122891025e-03
3.321800000000000182e+03 -1.072279999999999935e-02 3.145640262155802169e-03
3.321880000000000109e+03 -8.916010000000000255e-03 3.173262237324525961e-03
3.321949999999999818e+03 -8.359609999999999957e-03 3.197800350869151216e-03
3.322030000000000200e+03 -8.571550000000000696e-03 3.226276778506914460e-03
3.322099999999999909e+03 -6.014509999999999822e-03 3.251582204219963246e-03
3.322179999999999836e+03 -1.859839999999999974e-03 3.280958879242037302e-03
3.322250000000000000e+03 -1.855199999999999991e-03 3.307073164438843402e-03
3.322329999999999927e+03 -7.951939999999999356e-03 3.337399337775036681e-03
3.322400000000000091e+03 -1.190790000000000078e-02 3.364367195463081536e-03
3.322480000000000018e+03 -6.610460000000000294e-03 3.395695907218634207e-03
3.322550000000000182e+03 0.000000000000000000e+00 3.423565524080967801e-03
3.322630000000000109e+03 5.064069999999999509e-04 3.455953975598564931e-03
3.322699999999999818e+03 -2.863010000000000034e-03 3.484777356253648643e-03
3.322780000000000200e+03 -6.348930000000000025e-03 3.518287326389500647e-03
3.322849999999999909e+03 -9.083030000000000617e-03 3.548120678925832314e-03
3.322929999999999836e+03 -1.304450000000000054e-02 3.582818990679469649e-03
3.323000000000000000e+03 -1.156639999999999925e-02 3.613723159243132678e-03
3.323079999999999927e+03 -3.180619999999999888e-03 3.649682203854258573e-03
3.323150000000000091e+03 1.811069999999999911e-03 3.681723154989966634e-03
3.323230000000000018e+03 -2.940789999999999984e-03 3.719021481748879809e-03
3.323300000000000182e+03 -5.739250000000000428e-03 3.752270852277036529e-03
3.323380000000000109e+03 1.681150000000000125e-04 3.790993833643600645e-03
3.323449999999999818e+03 3.541050000000000014e-03 3.825529549127317658e-03
3.323530000000000200e+03 3.365429999999999984e-03 3.865770132331637979e-03
3.323599999999999909e+03 1.724950000000000051e-03 3.901677106695631593e-03
3.323679999999999836e+03 -6.306880000000000168e-04 3.943536664861474993e-03
3.323750000000000000e+03 -2.111850000000000185e-03 3.980907593497469595e-03
3.323829999999999927e+03 -5.610739999999999478e-04 4.024496891543125586e-03
3.323900000000000091e+03 4.414819999999999856e-03 4.063433152342686185e-03
3.323980000000000018e+03 6.100689999999999759e-03 4.108873445522987292e-03
3.324050000000000182e+03 5.465560000000000383e-03 4.149486124773918601e-03
3.324130000000000109e+03 7.319799999999999571e-03 4.196910410846740186e-03
3.324199999999999818e+03 8.621669999999999681e-03 4.239321473902895980e-03
3.324280000000000200e+03 3.962369999999999781e-03 4.288875923636329898e-03
3.324349999999999909e+03 -9.945749999999999296e-04 4.333219553891439792e-03
3.324429999999999836e+03 4.446740000000000241e-03 4.385065149252940359e-03
3.324500000000000000e+03 8.718709999999999308e-03 4.431489283557661120e-03
3.324579999999999927e+03 6.143469999999999834e-03 4.485803699128632603e-03
3.324650000000000091e+03 5.759260000000000421e-03 4.534471794424649316e-03
3.324730000000000018e+03 2.390039999999999960e-03 4.591451567372075403e-03
3.324800000000000182e+03 -1.888630000000000083e-03 4.642544645055110206e-03
3.324880000000000109e+03 -5.522119999999999503e-04 4.702407698565452474e-03
3.324949999999999818e+03 4.810049999999999742e-03 4.756126739207634617e-03
3.325030000000000200e+03 4.791069999999999704e-03 4.819115371765864304e-03
3.325099999999999909e+03 0.000000000000000000e+00 4.875684200030502499e-03
3.325179999999999836e+03 -1.340210000000000099e-03 4.942068779133442641e-03
3.325250000000000000e+03 -3.883010000000000107e-03 5.001737759533993882e-03
3.325329999999999927e+03 -4.054269999999999576e-03 5.071821697218736533e-03
3.325400000000000091e+03 -9.498659999999999482e-04 5.134873040947991393e-03
3.325480000000000018e+03 -2.121109999999999836e-03 5.209000509855548494e-03
3.325550000000000182e+03 -6.024869999999999878e-03 5.275757211842408909e-03
3.325630000000000109e+03 -8.729550000000000851e-03 5.354327240974604725e-03
3.325699999999999818e+03 -6.643679999999999898e-03 5.425170596297163549e-03
3.325780000000000200e+03 -2.952269999999999894e-03 5.508666264894285930e-03
3.325849999999999909e+03 0.000000000000000000e+00 5.584073520825450637e-03
3.325929999999999836e+03 3.639410000000000041e-03 5.673126030090955459e-03
3.326000000000000000e+03 4.402119999999999818e-03 5.753753608798139844e-03
3.326079999999999927e+03 7.512109999999999795e-03 5.849283361189630548e-03
3.326150000000000091e+03 1.002229999999999961e-02 5.936148013947002873e-03
3.326230000000000018e+03 4.244839999999999725e-03 6.039666307947597068e-03
3.326300000000000182e+03 -1.894110000000000064e-03 6.134524212343215634e-03
3.326380000000000109e+03 -2.365959999999999851e-03 6.248748751517525443e-03
3.326449999999999818e+03 2.829939999999999973e-03 6.354847896409673326e-03
3.326530000000000200e+03 7.106000000000000337e-03 6.484887879821296490e-03
3.326599999999999909e+03 7.292850000000000027e-03 6.608371170338201046e-03
3.326679999999999836e+03 4.471329999999999923e-03 6.763862315682181610e-03
3.326750000000000000e+03 3.306170000000000202e-03 6.916205282149243995e-03
3.326829999999999927e+03 1.024470000000000068e-02 7.114875866523053503e-03
3.326900000000000091e+03 1.570859999999999965e-02 7.316790938913956231e-03
3.326980000000000018e+03 1.193269999999999921e-02 7.589914280170645920e-03
3.327050000000000182e+03 6.316869999999999603e-03 7.877024189205213828e-03
3.327130000000000109e+03 6.965210000000000325e-03 8.276892360949087563e-03
3.327199999999999818e+03 9.443379999999999483e-03 8.706998452221861168e-03
3.327280000000000200e+03 8.271870000000000611e-03 9.315732076922968175e-03
3.327349999999999909e+03 3.840479999999999849e-03 9.976512762421632652e-03
3.327429999999999836e+03 1.780929999999999905e-04 1.091406289207848268e-02
3.327500000000000000e+03 3.813469999999999794e-03 1.192849451014684967e-02
3.327579999999999927e+03 1.045130000000000017e-02 1.335570064240016244e-02
3.327650000000000091e+03 1.297839999999999931e-02 1.488066859850853407e-02
3.327730000000000018e+03 1.174809999999999917e-02 1.699127507685638250e-02
3.327800000000000182e+03 1.212569999999999967e-02 1.920347863352528037e-02
3.327880000000000109e+03 1.621420000000000153e-02 2.219821134125341336e-02
3.327949999999999818e+03 2.114749999999999963e-02 2.526176165319705957e-02
3.328030000000000200e+03 2.559780000000000041e-02 2.929944014456899171e-02
3.328099999999999909e+03 2.810759999999999995e-02 3.331281649436821507e-02
3.328179999999999836e+03 2.876010000000000025e-02 3.843927888201211646e-02
3.328250000000000000e+03 3.188959999999999712e-02 4.336620622950220633e-02
3.328329999999999927e+03 3.981690000000000229e-02 4.943153046639985754e-02
3.328400000000000091e+03 4.886560000000000209e-02 5.502994396907024549e-02
3.328480000000000018e+03 5.376210000000000017e-02 6.161577065986472562e-02
3.328550000000000182e+03 5.759859999999999980e-02 6.738820810528389771e-02
3.328630000000000109e+03 6.458999999999999464e-02 7.377515099008574717e-02
3.328699999999999818e+03 7.362219999999999875e-02 7.896774691860929118e-02
3.328780000000000200e+03 8.418950000000000045e-02 8.417199983912822259e-02
3.328849999999999909e+03 9.171669999999999823e-02 8.784295775359397818e-02
3.328929999999999836e+03 9.590709999999999513e-02 9.073720160442858007e-02
3.329000000000000000e+03 9.681240000000000678e-02 9.189774735469205535e-02
3.329079999999999927e+03 9.537779999999999869e-02 9.140616339765024467e-02
3.329150000000000091e+03 9.521759999999999946e-02 8.921299273849350731e-02
3.329230000000000018e+03 9.088000000000000245e-02 8.454487317739559082e-02
3.329300000000000182e+03 8.438959999999999517e-02 7.850717961285182123e-02
3.329380000000000109e+03 8.051560000000000661e-02 6.938769035730198154e-02
3.329449999999999818e+03 6.973079999999999556e-02 5.955961830287121589e-02
3.329530000000000200e+03 5.640370000000000106e-02 4.643579613434912351e-02
3.329599999999999909e+03 4.563799999999999801e-02 3.357827043492422198e-02
3.329679999999999836e+03 2.952250000000000013e-02 1.775994658515604729e-02
3.329750000000000000e+03 1.262019999999999982e-02 3.385137516556846644e-03
3.329829999999999927e+03 -7.236320000000000079e-03 -1.306341897905763730e-02
3.329900000000000091e+03 -2.708609999999999837e-02 -2.697761266233756478e-02
3.329980000000000018e+03 -4.314130000000000048e-02 -4.178919819424141424e-02
3.330050000000000182e+03 -6.168880000000000197e-02 -5.341361729581328710e-02
3.330130000000000109e+03 -7.311479999999999368e-02 -6.482581853326077614e-02
3.330199999999999818e+03 -7.460819999999999952e-02 -7.297925352703586721e-02
3.330280000000000200e+03 -7.437850000000000017e-02 -8.008228866062196138e-02
3.330349999999999909e+03 -7.685259999999999314e-02 -8.434135488886622400e-02
3.330429999999999836e+03 -8.031050000000000688e-02 -8.703954775127853427e-02
3.330500000000000000e+03 -8.017739999999999589e-02 -8.762009632045961172e-02
3.330579999999999927e+03 -7.897079999999999378e-02 -8.644990817365909297e-02
3.330650000000000091e+03 -7.631419999999999870e-02 -8.402802132839559679e-02
3.330730000000000018e+03 -6.870660000000000656e-02 -7.993927291547206493e-02
3.330800000000000182e+03 -5.948590000000000128e-02 -7.545002994880144198e-02
3.330880000000000109e+03 -5.401310000000000139e-02 -6.956961158802973944e-02
3.330949999999999818e+03 -5.267360000000000098e-02 -6.400196179172373823e-02
3.331030000000000200e+03 -5.194669999999999843e-02 -5.741228663086094669e-02
3.331099999999999909e+03 -4.608299999999999896e-02 -5.163596911963041353e-02
3.331179999999999836e+03 -3.823030000000000178e-02 -4.521053996862672841e-02
3.331250000000000000e+03 -2.956320000000000128e-02 -3.986691512696414336e-02
3.331329999999999927e+03 -2.253509999999999888e-02 -3.418815328888428345e-02
3.331400000000000091e+03 -2.553240000000000023e-02 -2.965498741374121561e-02
3.331480000000000018e+03 -2.600970000000000018e-02 -2.501209850776297400e-02
3.331550000000000182e+03 -1.889139999999999917e-02 -2.142989387544775096e-02
3.331630000000000109e+03 -1.368849999999999928e-02 -1.787360751775477624e-02
3.331699999999999818e+03 -1.273889999999999918e-02 -1.520827106781552293e-02
3.331780000000000200e+03 -1.581460000000000157e-02 -1.263147557850914648e-02
3.331849999999999909e+03 -1.796210000000000168e-02 -1.074688947022337665e-02
3.331929999999999836e+03 -1.571789999999999993e-02 -8.964123909577306759e-03
3.332000000000000000e+03 -1.392780000000000060e-02 -7.685104944223531721e-03
3.332079999999999927e+03 -1.566079999999999903e-02 -6.494193677999599706e-03
3.332150000000000091e+03 -1.320739999999999935e-02 -5.650226373335519130e-03
3.332230000000000018e+03 -5.945660000000000181e-03 -4.870380529758268177e-03
3.332300000000000182e+03 -4.287759999999999835e-03 -4.319132842004763488e-03
3.332380000000000109e+03 -5.886060000000000250e-03 -3.807905348586956059e-03
3.332449999999999818e+03 -4.649939999999999976e-03 -3.442781514681268751e-03
3.332530000000000200e+03 -4.735879999999999604e-03 -3.098178889257034805e-03
3.332599999999999909e+03 -6.407679999999999799e-03 -2.845937073765699050e-03
3.332679999999999836e+03 -4.622030000000000062e-03 -2.600457288430681278e-03
3.332750000000000000e+03 -4.578459999999999800e-04 -2.414291553538530383e-03
3.332829999999999927e+03 -3.365439999999999925e-03 -2.226153918563803825e-03
3.332900000000000091e+03 -9.748200000000000268e-03 -2.077940086139501256e-03
3.332980000000000018e+03 -9.007100000000000523e-03 -1.922689138619301579e-03
3.333050000000000182e+03 -8.139220000000000829e-03 -1.796333970162823776e-03
3.333130000000000109e+03 -8.579939999999999442e-03 -1.660208371630539316e-03
3.333199999999999818e+03 -6.548909999999999801e-03 -1.546735516642218627e-03
3.333280000000000200e+03 -2.933840000000000059e-03 -1.422026429813540724e-03
3.333349999999999909e+03 5.652289999999999918e-04 -1.316287283943493470e-03
3.333429999999999836e+03 6.844789999999999902e-05 -1.198336857791620653e-03
3.333500000000000000e+03 -1.507010000000000034e-03 -1.096933812116758847e-03
3.333579999999999927e+03 -3.401490000000000069e-03 -9.822576273648283250e-04
3.333650000000000091e+03 -7.815380000000000243e-03 -8.822337860368737817e-04
3.333730000000000018e+03 -1.073889999999999914e-02 -7.672980994326528918e-04
3.333800000000000182e+03 -1.185019999999999997e-02 -6.652341737530356215e-04
3.333880000000000109e+03 -1.015469999999999914e-02 -5.455442246971327737e-04
3.333949999999999818e+03 -4.644930000000000239e-03 -4.368216691698202474e-04
3.334030000000000200e+03 -1.703599999999999993e-03 -3.061119742081253817e-04
3.334099999999999909e+03 -1.565070000000000003e-03 -1.842144358914536099e-04
3.334179999999999836e+03 -1.885390000000000026e-03 -3.365420484187191252e-05
3.334250000000000000e+03 0.000000000000000000e+00 1.105190704797287191e-04
3.334329999999999927e+03 5.672970000000000269e-03 2.930804160275598744e-04
3.334400000000000091e+03 8.984650000000000275e-03 4.718197904043474993e-04
3.334480000000000018e+03 4.517789999999999827e-03 7.024337131232342123e-04
3.334550000000000182e+03 -1.727379999999999931e-03 9.315798891492204845e-04
3.334630000000000109e+03 -2.582909999999999894e-03 1.230369217179709367e-03
3.334699999999999818e+03 -1.846549999999999971e-03 1.529181319032355338e-03
3.334780000000000200e+03 -9.417270000000000046e-06 1.919778124433921089e-03
3.334849999999999909e+03 2.189379999999999885e-03 2.310004145630374997e-03
3.334929999999999836e+03 2.887840000000000025e-03 2.817897207888233300e-03
3.335000000000000000e+03 4.801950000000000142e-03 3.321744567464484862e-03
3.335079999999999927e+03 7.608539999999999574e-03 3.971231206577724958e-03
3.335150000000000091e+03 9.786160000000000345e-03 4.608032707753465830e-03
3.335230000000000018e+03 8.732399999999999538e-03 5.417648091200815731e-03
3.335300000000000182e+03 4.618200000000000256e-03 6.199237077833025418e-03
3.335380000000000109e+03 -2.733289999999999982e-04 7.175855484387541443e-03
3.335449999999999818e+03 1.604879999999999935e-03 8.101003340463909519e-03
3.335530000000000200e+03 7.801879999999999753e-03 9.233247970049811293e-03
3.335599999999999909e+03 6.538419999999999649e-03 1.028193513346270863e-02
3.335679999999999836e+03 6.568759999999999877e-03 1.153401957675724912e-02
3.335750000000000000e+03 9.672000000000000042e-03 1.266271649968180382e-02
3.335829999999999927e+03 6.138779999999999931e-03 1.397024181567237469e-02
3.335900000000000091e+03 6.817010000000000083e-03 1.510963724142154463e-02
3.335980000000000018e+03 1.214349999999999978e-02 1.637902185645586858e-02
3.336050000000000182e+03 1.022969999999999956e-02 1.743561040025870187e-02
3.336130000000000109e+03 6.570140000000000355e-03 1.854858702585994099e-02
3.336199999999999818e+03 9.439049999999999177e-03 1.941111098793860817e-02
3.336280000000000200e+03 1.936200000000000074e-02 2.023500893751775664e-02
3.336349999999999909e+03 2.343430000000000166e-02 2.078592394817313158e-02
3.336429999999999836e+03 1.777990000000000126e-02 2.118931655673288519e-02
3.336500000000000000e+03 1.647190000000000112e-02 2.132032677735078499e-02
3.336579999999999927e+03 2.074269999999999933e-02 2.119226390248981837e-02
3.336650000000000091e+03 2.541229999999999878e-02 2.082178858834594914e-02
3.336730000000000018e+03 2.551360000000000086e-02 2.009158356618466132e-02
3.336800000000000182e+03 1.661649999999999933e-02 1.918109525195124676e-02
3.336880000000000109e+03 7.530099999999999641e-03 1.783487486209336600e-02
3.336949999999999818e+03 8.186139999999999736e-03 1.640070863122375378e-02
3.337030000000000200e+03 1.455749999999999926e-02 1.449097855180180375e-02
3.337099999999999909e+03 1.527019999999999940e-02 1.260865863114906185e-02
3.337179999999999836e+03 1.027010000000000076e-02 1.025411642242517879e-02
3.337250000000000000e+03 5.411570000000000095e-03 8.053486233426263019e-03
3.337329999999999927e+03 -1.044180000000000021e-04 5.428100382344516230e-03
3.337400000000000091e+03 -3.625000000000000184e-03 3.079345042630190002e-03
3.337480000000000018e+03 -9.053079999999999591e-04 3.919273312806810863e-04
3.337550000000000182e+03 3.431519999999999970e-03 -1.915479452130715993e-03
3.337630000000000109e+03 8.662150000000000405e-04 -4.447897881112920608e-03
3.337699999999999818e+03 -4.761900000000000334e-03 -6.529708808044877057e-03
3.337780000000000200e+03 -2.671179999999999995e-03 -8.709982573053717120e-03
3.337849999999999909e+03 -3.783270000000000036e-03 -1.041074773930926109e-02
3.337929999999999836e+03 -1.251829999999999957e-02 -1.208614793446816452e-02
3.338000000000000000e+03 -1.790359999999999868e-02 -1.329765299197312178e-02
3.338079999999999927e+03 -1.989430000000000018e-02 -1.437658651853036124e-02
3.338150000000000091e+03 -2.142729999999999982e-02 -1.504813502327535107e-02
3.338230000000000018e+03 -2.147709999999999897e-02 -1.550656608768127137e-02
3.338300000000000182e+03 -1.411259999999999945e-02 -1.564587677282484532e-02
3.338380000000000109e+03 -1.043000000000000003e-02 -1.552317121509597803e-02
3.338449999999999818e+03 -1.678930000000000006e-02 -1.518860474273933323e-02
3.338530000000000200e+03 -1.895350000000000160e-02 -1.457460931333501297e-02
3.338599999999999909e+03 -1.701010000000000022e-02 -1.386104731935512008e-02
3.338679999999999836e+03 -1.585860000000000047e-02 -1.287769617791991242e-02
3.338750000000000000e+03 -1.333720000000000044e-02 -1.189931604956909542e-02
3.338829999999999927e+03 -1.263459999999999930e-02 -1.068064233187566645e-02
3.338900000000000091e+03 -1.099900000000000010e-02 -9.553932631461297537e-03
3.338980000000000018e+03 -7.837669999999999706e-03 -8.228039188619723499e-03
3.339050000000000182e+03 -1.019830000000000042e-02 -7.057781341256919375e-03
3.339130000000000109e+03 -1.157159999999999959e-02 -5.733312741306950677e-03
3.339199999999999818e+03 -7.649259999999999740e-03 -4.603181210410634688e-03
3.339280000000000200e+03 -4.116240000000000177e-03 -3.361496723112708876e-03
3.339349999999999909e+03 -1.594990000000000123e-04 -2.329735194631719908e-03
3.339429999999999836e+03 1.750559999999999963e-03 -1.222681748031702320e-03
3.339500000000000000e+03 -1.033590000000000030e-03 -3.222924932415683133e-04
3.339579999999999927e+03 -3.403340000000000250e-04 6.254998974695880759e-04
3.339650000000000091e+03 2.295600000000000071e-03 1.383275393573950122e-03
3.339730000000000018e+03 2.682620000000000143e-03 2.169167881668531209e-03
3.339800000000000182e+03 5.120030000000000241e-03 2.789542959803961893e-03
3.339880000000000109e+03 6.160770000000000308e-03 3.426385437437584093e-03
3.339949999999999818e+03 3.750170000000000153e-03 3.925251801239373721e-03
3.340030000000000200e+03 0.000000000000000000e+00 4.434980157799225768e-03
3.340099999999999909e+03 -3.509169999999999824e-03 4.833676927484062934e-03
3.340179999999999836e+03 -3.590639999999999978e-03 5.241931690075435184e-03
3.340250000000000000e+03 -1.953019999999999973e-03 5.563152453515908015e-03
3.340329999999999927e+03 -1.988020000000000065e-03 5.895361958118420544e-03
3.340400000000000091e+03 -2.388250000000000182e-03 6.160402177086752966e-03
3.340480000000000018e+03 1.223619999999999916e-03 6.439381552752956352e-03
3.340550000000000182e+03 6.340939999999999771e-03 6.666644912683037001e-03
3.340630000000000109e+03 8.612720000000000792e-03 6.911513088386137156e-03
3.340699999999999818e+03 9.638839999999999214e-03 7.116045088579722212e-03
3.340780000000000200e+03 5.890030000000000092e-03 7.342165529370601497e-03
3.340849999999999909e+03 -2.210170000000000017e-03 7.535959884178176048e-03
3.340929999999999836e+03 -8.866570000000000701e-03 7.755648777915511057e-03
3.341000000000000000e+03 -1.023529999999999926e-02 7.948555516030963997e-03
3.341079999999999927e+03 -5.836570000000000126e-03 8.172446650974652532e-03
3.341150000000000091e+03 -7.216809999999999501e-04 8.373676757313864433e-03
3.341230000000000018e+03 5.052240000000000376e-03 8.612859942552713449e-03
3.341300000000000182e+03 8.528050000000000561e-03 8.833308081965380448e-03
3.341380000000000109e+03 8.731769999999999810e-03 9.102639726578438950e-03
3.341449999999999818e+03 8.031979999999999328e-03 9.358502300451276151e-03
3.341530000000000200e+03 7.985420000000000018e-03 9.681770265449203550e-03
3.341599999999999909e+03 8.583669999999999842e-03 1.000015274393630665e-02
3.341679999999999836e+03 9.593330000000000607e-03 1.041794932634348275e-02
3.341750000000000000e+03 1.497530000000000042e-02 1.084519576167639401e-02
3.341829999999999927e+03 1.789980000000000043e-02 1.142620218805699694e-02
3.341900000000000091e+03 1.944629999999999970e-02 1.203931028785069912e-02
3.341980000000000018e+03 2.314269999999999869e-02 1.289491393022664315e-02
3.342050000000000182e+03 2.180210000000000134e-02 1.381532687980559573e-02
3.342130000000000109e+03 2.094520000000000062e-02 1.511575097389555866e-02
3.342199999999999818e+03 2.441729999999999942e-02 1.652280749236096150e-02
3.342280000000000200e+03 2.285229999999999900e-02 1.851009356137661710e-02
3.342349999999999909e+03 1.785799999999999887e-02 2.064853316189872029e-02
3.342429999999999836e+03 2.120939999999999978e-02 2.363815255036176219e-02
3.342500000000000000e+03 2.999390000000000042e-02 2.681097814884563293e-02
3.342579999999999927e+03 3.520020000000000093e-02 3.117077161006319777e-02
3.342650000000000091e+03 3.898719999999999963e-02 3.570694086890656427e-02
3.342730000000000018e+03 4.300280000000000075e-02 4.180161470417274872e-02
3.342800000000000182e+03 4.668069999999999858e-02 4.798959997772473535e-02
3.342880000000000109e+03 5.567369999999999958e-02 5.608368568768840046e-02
3.342949999999999818e+03 6.879559999999999842e-02 6.406895834388608157e-02
3.343030000000000200e+03 7.868509999999999394e-02 7.419270817589408706e-02
3.343099999999999909e+03 8.578429999999999389e-02 8.385027958584245766e-02
3.343179999999999836e+03 9.451110000000000066e-02 9.565063333219513131e-02
3.343250000000000000e+03 1.083879999999999982e-01 1.064606084860621887e-01
3.343329999999999927e+03 1.253519999999999912e-01 1.190784046897561260e-01
3.343400000000000091e+03 1.395220000000000071e-01 1.300471380394955800e-01
3.343480000000000018e+03 1.508720000000000061e-01 1.420736409570347303e-01
3.343550000000000182e+03 1.607989999999999975e-01 1.517471500885248514e-01
3.343630000000000109e+03 1.709160000000000124e-01 1.613081671059254929e-01
3.343699999999999818e+03 1.815980000000000094e-01 1.679108096874010747e-01
3.343780000000000200e+03 1.893509999999999915e-01 1.729000956951603218e-01
3.343849999999999909e+03 1.894609999999999905e-01 1.745999295887503133e-01
3.343929999999999836e+03 1.836969999999999992e-01 1.730415386036731895e-01
3.344000000000000000e+03 1.766800000000000037e-01 1.683065785886604382e-01
3.344079999999999927e+03 1.665820000000000078e-01 1.587900335635883675e-01
3.344150000000000091e+03 1.507469999999999921e-01 1.467799656771685557e-01
3.344230000000000018e+03 1.294210000000000083e-01 1.289057091790012655e-01
3.344300000000000182e+03 1.093149999999999955e-01 1.098462579981460963e-01
3.344380000000000109e+03 8.735750000000000459e-02 8.461033600085449136e-02
3.344449999999999818e+03 6.029120000000000312e-02 6.005420505741915216e-02
3.344530000000000200e+03 3.364000000000000323e-02 2.999145949364189975e-02
3.344599999999999909e+03 2.101879999999999981e-03 2.742738691756760154e-03
3.344679999999999836e+03 -3.216990000000000127e-02 -2.844409809041032952e-02
3.344750000000000000e+03 -6.358969999999999900e-02 -5.490398069069066245e-02
3.344829999999999927e+03 -9.187770000000000659e-02 -8.322437265086361780e-02
3.344900000000000091e+03 -1.145830000000000043e-01 -1.056162026500059442e-01
3.344980000000000018e+03 -1.354259999999999908e-01 -1.278023225547373354e-01
3.345050000000000182e+03 -1.495299999999999963e-01 -1.438370141854048156e-01
3.345130000000000109e+03 -1.544399999999999940e-01 -1.580279773263668641e-01
3.345199999999999818e+03 -1.627859999999999863e-01 -1.667597796682009914e-01
3.345280000000000200e+03 -1.711840000000000028e-01 -1.726182844054808541e-01
3.345349999999999909e+03 -1.760460000000000080e-01 -1.743378792556440349e-01
3.345429999999999836e+03 -1.785940000000000027e-01 -1.727662036130709622e-01
3.345500000000000000e+03 -1.706060000000000076e-01 -1.686698333709365227e-01
3.345579999999999927e+03 -1.586210000000000120e-01 -1.613855075772244740e-01
3.345650000000000091e+03 -1.479870000000000074e-01 -1.531860358008926282e-01
3.345730000000000018e+03 -1.362619999999999942e-01 -1.422738610800895753e-01
3.345800000000000182e+03 -1.239289999999999975e-01 -1.318179866362829411e-01
3.345880000000000109e+03 -1.080480000000000051e-01 -1.193191220646757505e-01
3.345949999999999818e+03 -9.724739999999999773e-02 -1.082651643026728699e-01
3.346030000000000200e+03 -9.636480000000000046e-02 -9.586679777503082089e-02
3.346099999999999909e+03 -9.051240000000000674e-02 -8.547332421887990361e-02
3.346179999999999836e+03 -7.928709999999999924e-02 -7.434178918103397093e-02
3.346250000000000000e+03 -7.246500000000000163e-02 -6.538701257028636804e-02
3.346329999999999927e+03 -6.434929999999999817e-02 -5.614514564584598133e-02
3.346400000000000091e+03 -5.307169999999999943e-02 -4.895986781694085938e-02
3.346480000000000018e+03 -4.573150000000000132e-02 -4.177246859346809421e-02
3.346550000000000182e+03 -4.259539999999999854e-02 -3.634506148942946019e-02
3.346630000000000109e+03 -4.158409999999999884e-02 -3.105947691489087045e-02
3.346699999999999818e+03 -4.038710000000000216e-02 -2.716620162871557706e-02
3.346780000000000200e+03 -4.008149999999999907e-02 -2.345873074727458305e-02
3.346849999999999909e+03 -4.119500000000000245e-02 -2.078252904483685048e-02
3.346929999999999836e+03 -3.716780000000000084e-02 -1.827763251260719479e-02
3.347000000000000000e+03 -3.478060000000000179e-02 -1.649507809792982033e-02
3.347079999999999927e+03 -3.658920000000000228e-02 -1.484366061705643877e-02
3.347150000000000091e+03 -3.391720000000000151e-02 -1.367543513817176884e-02
3.347230000000000018e+03 -3.014539999999999928e-02 -1.259375138003132610e-02
3.347300000000000182e+03 -2.354830000000000118e-02 -1.182447504810430969e-02
3.347380000000000109e+03 -1.956950000000000009e-02 -1.110362123060971290e-02
3.347449999999999818e+03 -2.302919999999999967e-02 -1.058126678373006932e-02
3.347530000000000200e+03 -2.000230000000000063e-02 -1.007931302376132918e-02
3.347599999999999909e+03 -1.617319999999999869e-02 -9.704208141965708911e-03
3.347679999999999836e+03 -2.157569999999999974e-02 -9.331091457931948996e-03
3.347750000000000000e+03 -2.464739999999999986e-02 -9.041890440632853465e-03
3.347829999999999927e+03 -2.115030000000000035e-02 -8.743685837184522400e-03
3.347900000000000091e+03 -1.824109999999999968e-02 -8.504559704578376622e-03
3.347980000000000018e+03 -1.777429999999999982e-02 -8.250411935181493905e-03
3.348050000000000182e+03 -1.826080000000000064e-02 -8.041170380460359660e-03
3.348130000000000109e+03 -1.696189999999999851e-02 -7.813806976682886873e-03
3.348199999999999818e+03 -1.781479999999999869e-02 -7.623083722691994905e-03
3.348280000000000200e+03 -2.256669999999999857e-02 -7.412539152855592874e-03
3.348349999999999909e+03 -2.263580000000000106e-02 -7.233435665387071695e-03
3.348429999999999836e+03 -1.951589999999999922e-02 -7.033136479400047165e-03
3.348500000000000000e+03 -1.648669999999999997e-02 -6.860540956353531131e-03
3.348579999999999927e+03 -1.496040000000000043e-02 -6.664893037686721658e-03
3.348650000000000091e+03 -1.562509999999999941e-02 -6.493796415253370348e-03
3.348730000000000018e+03 -1.422350000000000003e-02 -6.296609351944208038e-03
3.348800000000000182e+03 -1.242839999999999917e-02 -6.120941222380462537e-03
3.348880000000000109e+03 -1.272799999999999973e-02 -5.914263839986764505e-03
3.348949999999999818e+03 -1.360719999999999985e-02 -5.725974728413612408e-03
3.349030000000000200e+03 -1.242850000000000031e-02 -5.499133748054638865e-03
3.349099999999999909e+03 -1.073720000000000056e-02 -5.287425587045445352e-03
3.349179999999999836e+03 -7.715969999999999947e-03 -5.026242615066248143e-03
3.349250000000000000e+03 -3.084439999999999925e-03 -4.776995884774374451e-03
3.349329999999999927e+03 -2.070450000000000155e-03 -4.463311348360306935e-03
3.349400000000000091e+03 -1.982349999999999911e-03 -4.158879502302969058e-03
3.349480000000000018e+03 -8.459939999999999778e-04 -3.770636530014568645e-03
3.349550000000000182e+03 -4.704730000000000066e-04 -3.390270885891495493e-03
3.349630000000000109e+03 3.555829999999999842e-03 -2.902493608750661772e-03
3.349699999999999818e+03 6.303890000000000361e-03 -2.423705523674811804e-03
3.349780000000000200e+03 7.080279999999999777e-04 -1.810715505301055406e-03
3.349849999999999909e+03 -5.773699999999999666e-03 -1.211847057496552062e-03
3.349929999999999836e+03 -5.750240000000000212e-03 -4.509616205877072480e-04
3.350000000000000000e+03 0.000000000000000000e+00 2.849098232506268140e-04
3.350079999999999927e+03 4.211010000000000274e-03 1.208191977272421360e-03
3.350150000000000091e+03 2.659910000000000139e-03 2.088161867460174709e-03
3.350230000000000018e+03 9.461629999999999737e-04 3.173860810172837374e-03
3.350300000000000182e+03 3.264550000000000177e-03 4.189445680930605279e-03
3.350380000000000109e+03 4.405400000000000288e-03 5.416532972527913180e-03
3.350449999999999818e+03 5.680489999999999845e-03 6.538212786220587609e-03
3.350530000000000200e+03 9.838200000000000070e-03 7.859091765759204651e-03
3.350599999999999909e+03 1.404919999999999954e-02 9.032461112808035791e-03
3.350679999999999836e+03 1.676019999999999940e-02 1.037012454543902173e-02
3.350750000000000000e+03 1.389759999999999954e-02 1.151512187031284232e-02
3.350829999999999927e+03 1.091710000000000076e-02 1.276461515839606015e-02
3.350900000000000091e+03 1.494290000000000028e-02 1.377911438878273026e-02
3.350980000000000018e+03 2.240179999999999949e-02 1.481448944368947071e-02
3.351050000000000182e+03 2.161439999999999889e-02 1.558294115783829051e-02
3.351130000000000109e+03 1.425399999999999931e-02 1.626997366882117907e-02
3.351199999999999818e+03 1.478469999999999958e-02 1.667680793946417842e-02
3.351280000000000200e+03 1.416350000000000074e-02 1.689048374627050847e-02
3.351349999999999909e+03 9.898080000000000073e-03 1.683680143011906383e-02
3.351429999999999836e+03 1.150319999999999988e-02 1.648121911265322884e-02
3.351500000000000000e+03 1.220500000000000057e-02 1.590218549482798685e-02
3.351579999999999927e+03 1.209589999999999971e-02 1.492943639883180171e-02
3.351650000000000091e+03 1.252589999999999953e-02 1.380908408789095071e-02
3.351730000000000018e+03 1.017760000000000019e-02 1.223322561417246324e-02
3.351800000000000182e+03 8.403479999999999631e-03 1.061335594167909374e-02
3.351880000000000109e+03 7.922260000000000413e-03 8.516037945610923504e-03
3.351949999999999818e+03 4.968300000000000147e-03 6.496710734284995813e-03
3.352030000000000200e+03 -1.064870000000000096e-03 4.022372922528102274e-03
3.352099999999999909e+03 -3.853619999999999875e-03 1.752997562642639139e-03
3.352179999999999836e+03 -2.724020000000000174e-03 -9.064166275760418643e-04
3.352250000000000000e+03 -2.932280000000000216e-03 -3.244453166555593543e-03
3.352329999999999927e+03 -6.251740000000000422e-03 -5.873094476613281538e-03
3.352400000000000091e+03 -1.368579999999999970e-02 -8.089478562280868340e-03
3.352480000000000018e+03 -1.646150000000000044e-02 -1.047547653110642712e-02
3.352550000000000182e+03 -1.298020000000000077e-02 -1.239562811513823110e-02
3.352630000000000109e+03 -1.445650000000000060e-02 -1.435825755424470149e-02
3.352699999999999818e+03 -2.010299999999999934e-02 -1.584516032707855918e-02
3.352780000000000200e+03 -2.598889999999999881e-02 -1.725644995463037137e-02
3.352849999999999909e+03 -3.027149999999999980e-02 -1.822586077256446724e-02
3.352929999999999836e+03 -2.763300000000000131e-02 -1.902306837404823051e-02
3.353000000000000000e+03 -2.374470000000000053e-02 -1.944980249857140159e-02
3.353079999999999927e+03 -2.576989999999999836e-02 -1.963719557377779576e-02
3.353150000000000091e+03 -2.726069999999999882e-02 -1.955210505814185609e-02
3.353230000000000018e+03 -2.612710000000000032e-02 -1.919271280338517502e-02
3.353300000000000182e+03 -2.167550000000000032e-02 -1.867182954401249567e-02
3.353380000000000109e+03 -1.532060000000000019e-02 -1.787171154270519521e-02
3.353449999999999818e+03 -1.170009999999999974e-02 -1.702037079259728636e-02
3.353530000000000200e+03 -1.007339999999999972e-02 -1.590906291408745316e-02
3.353599999999999909e+03 -1.252250000000000064e-02 -1.484439378500780962e-02
3.353679999999999836e+03 -1.654920000000000002e-02 -1.355537309824909192e-02
3.353750000000000000e+03 -1.374709999999999994e-02 -1.239031047984121350e-02
3.353829999999999927e+03 -7.062350000000000225e-03 -1.104466373169186999e-02
3.353900000000000091e+03 -5.925689999999999950e-03 -9.875782603646004326e-03
3.353980000000000018e+03 -7.879360000000000183e-03 -8.571061419090315880e-03
3.354050000000000182e+03 -6.931370000000000066e-03 -7.471368282231090861e-03
3.354130000000000109e+03 -5.512350000000000062e-03 -6.276247480813177022e-03
3.354199999999999818e+03 -5.883669999999999699e-03 -5.292912818357465438e-03
3.354280000000000200e+03 -7.337259999999999963e-03 -4.247080006528469905e-03
3.354349999999999909e+03 -1.052480000000000082e-02 -3.403215404372128897e-03
3.354429999999999836e+03 -9.871400000000000660e-03 -2.521134151664823457e-03
3.354500000000000000e+03 -3.828610000000000086e-03 -1.820237857312932608e-03
3.354579999999999927e+03 0.000000000000000000e+00 -1.097115337789282725e-03
3.354650000000000091e+03 2.246870000000000204e-03 -5.287311600932478525e-04
3.354730000000000018e+03 4.914049999999999668e-03 5.287651210109274580e-05
3.354800000000000182e+03 4.029330000000000238e-03 5.075152814032353986e-04
3.354880000000000109e+03 -1.766969999999999923e-04 9.716525376597421812e-04
3.354949999999999818e+03 -1.856639999999999896e-03 1.334829961146915146e-03
3.355030000000000200e+03 7.552919999999999643e-04 1.707355845159629591e-03
3.355099999999999909e+03 4.495159999999999781e-03 2.001344131914110230e-03
3.355179999999999836e+03 5.252739999999999666e-03 2.306666666418811379e-03
3.355250000000000000e+03 3.965210000000000262e-03 2.551520476715148089e-03
3.355329999999999927e+03 4.310900000000000322e-03 2.810767401497665449e-03
3.355400000000000091e+03 4.793419999999999626e-03 3.023267020651246827e-03
3.355480000000000018e+03 7.009940000000000095e-03 3.253615265915998055e-03
3.355550000000000182e+03 8.301390000000000505e-03 3.447076974447435375e-03
3.355630000000000109e+03 9.106750000000000261e-03 3.661906367436682137e-03
3.355699999999999818e+03 1.072810000000000083e-02 3.846579288307302655e-03
3.355780000000000200e+03 8.027219999999999842e-03 4.056166567396130018e-03
3.355849999999999909e+03 8.620509999999999631e-03 4.240016073979929051e-03
3.355929999999999836e+03 1.406239999999999921e-02 4.452612512771009570e-03
3.356000000000000000e+03 1.960639999999999952e-02 4.642427705594608968e-03
3.356079999999999927e+03 2.154760000000000009e-02 4.865746897276747480e-03
3.356150000000000091e+03 1.416270000000000029e-02 5.068690930218134987e-03
3.356230000000000018e+03 8.501399999999999235e-03 5.312062392163542299e-03
3.356300000000000182e+03 9.771480000000000790e-03 5.538001650951003899e-03
3.356380000000000109e+03 9.444460000000000008e-03 5.815707560722054546e-03
3.356449999999999818e+03 1.191249999999999948e-02 6.080887286896997576e-03
3.356530000000000200e+03 1.667549999999999935e-02 6.417448748688661490e-03
3.356599999999999909e+03 1.816159999999999997e-02 6.750262694845874344e-03
3.356679999999999836e+03 1.592860000000000109e-02 7.188562302743356329e-03
3.356750000000000000e+03 1.372540000000000045e-02 7.638147452426057200e-03
3.356829999999999927e+03 1.550780000000000040e-02 8.251045894758099464e-03
3.356900000000000091e+03 1.920629999999999907e-02 8.898979719133955080e-03
3.356980000000000018e+03 2.101400000000000143e-02 9.804187491069770582e-03
3.357050000000000182e+03 1.568390000000000062e-02 1.077837811434394916e-02
3.357130000000000109e+03 1.281200000000000047e-02 1.215445953512661256e-02
3.357199999999999818e+03 2.075650000000000064e-02 1.364218414323532802e-02
3.357280000000000200e+03 2.718090000000000089e-02 1.574060390277729968e-02
3.357349999999999909e+03 2.852990000000000040e-02 1.799468755314803659e-02
3.357429999999999836e+03 3.002360000000000098e-02 2.113922160683437412e-02
3.357500000000000000e+03 3.195130000000000192e-02 2.446831526595312847e-02
3.357579999999999927e+03 3.891189999999999927e-02 2.903026619035147665e-02
3.357650000000000091e+03 4.473150000000000043e-02 3.376265445070508048e-02
3.357730000000000018e+03 4.466559999999999975e-02 4.010035061764920250e-02
3.357800000000000182e+03 5.185479999999999950e-02 4.651287483113290128e-02
3.357880000000000109e+03 6.580650000000000388e-02 5.486941566926872849e-02
3.357949999999999818e+03 7.551220000000000154e-02 6.308088867638524111e-02
3.358030000000000200e+03 7.821379999999999999e-02 7.344654403024576672e-02
3.358099999999999909e+03 8.260420000000000262e-02 8.328878039443902981e-02
3.358179999999999836e+03 9.544550000000000256e-02 9.525263563203242856e-02
3.358250000000000000e+03 1.052669999999999995e-01 1.061491677005360623e-01
3.358329999999999927e+03 1.116660000000000014e-01 1.187832758511765396e-01
3.358400000000000091e+03 1.245379999999999959e-01 1.296796141057759144e-01
3.358480000000000018e+03 1.417150000000000076e-01 1.415092155975132548e-01
3.358550000000000182e+03 1.558080000000000020e-01 1.509006655500801652e-01
3.358630000000000109e+03 1.616910000000000014e-01 1.600066188906212605e-01
3.358699999999999818e+03 1.659130000000000049e-01 1.660935666129881028e-01
3.358780000000000200e+03 1.715550000000000130e-01 1.703639617683079255e-01
3.358849999999999909e+03 1.743530000000000080e-01 1.713312760379736288e-01
3.358929999999999836e+03 1.759660000000000113e-01 1.688364655265658099e-01
3.359000000000000000e+03 1.691469999999999918e-01 1.632173096504673238e-01
3.359079999999999927e+03 1.506830000000000114e-01 1.526496046979096410e-01
3.359150000000000091e+03 1.364940000000000042e-01 1.397178518518075452e-01
3.359230000000000018e+03 1.259550000000000114e-01 1.208341656467047665e-01
3.359300000000000182e+03 1.043110000000000009e-01 1.009719647325072744e-01
3.359380000000000109e+03 7.278439999999999910e-02 7.496170852605760215e-02
3.359449999999999818e+03 4.044699999999999684e-02 4.989277214374322755e-02
3.359530000000000200e+03 1.458850000000000077e-02 1.947016952156024883e-02
3.359599999999999909e+03 -7.730100000000000166e-03 -7.875301666030476780e-03
3.359679999999999836e+03 -3.645749999999999685e-02 -3.891592315196765878e-02
3.359750000000000000e+03 -6.757080000000000031e-02 -6.503148593118608656e-02
3.359829999999999927e+03 -9.528939999999999633e-02 -9.273733390590210846e-02
3.359900000000000091e+03 -1.186419999999999975e-01 -1.144311507275359435e-01
3.359980000000000018e+03 -1.367470000000000074e-01 -1.356844182840236668e-01
3.360050000000000182e+03 -1.528120000000000034e-01 -1.508275350451906416e-01
3.360130000000000109e+03 -1.625109999999999888e-01 -1.639632882401854674e-01
3.360199999999999818e+03 -1.677700000000000025e-01 -1.717780299357634377e-01
3.360280000000000200e+03 -1.748790000000000067e-01 -1.766348944359598938e-01
3.360349999999999909e+03 -1.761890000000000123e-01 -1.775458468882185337e-01
3.360429999999999836e+03 -1.704690000000000094e-01 -1.751527786746664983e-01
3.360500000000000000e+03 -1.661640000000000061e-01 -1.704426772112954680e-01
3.360579999999999927e+03 -1.594889999999999919e-01 -1.625876936446837007e-01
3.360650000000000091e+03 -1.448909999999999920e-01 -1.540065093421471853e-01
3.360730000000000018e+03 -1.334919999999999995e-01 -1.427900083998218383e-01
3.360800000000000182e+03 -1.273579999999999990e-01 -1.321766061088013311e-01
3.360880000000000109e+03 -1.155329999999999968e-01 -1.196096714202641853e-01
3.360949999999999818e+03 -1.060299999999999992e-01 -1.085811562430770982e-01
3.361030000000000200e+03 -9.866400000000000170e-02 -9.629164628341140009e-02
3.361099999999999909e+03 -8.652219999999999356e-02 -8.604810754152429630e-02
3.361179999999999836e+03 -8.078290000000000470e-02 -7.513272843085441743e-02
3.361250000000000000e+03 -7.399469999999999659e-02 -6.639250255895043362e-02
3.361329999999999927e+03 -6.440590000000000204e-02 -5.741027647227794212e-02
3.361400000000000091e+03 -6.124620000000000064e-02 -5.045449464898801861e-02
3.361480000000000018e+03 -5.655330000000000079e-02 -4.352214122088234050e-02
3.361550000000000182e+03 -5.199959999999999999e-02 -3.830536241958418242e-02
3.361630000000000109e+03 -4.966729999999999756e-02 -3.324106318217005807e-02
3.361699999999999818e+03 -4.429559999999999748e-02 -2.952185733610273102e-02
3.361780000000000200e+03 -3.904429999999999706e-02 -2.598965495775376611e-02
3.361849999999999909e+03 -3.903149999999999675e-02 -2.344615721081303589e-02
3.361929999999999836e+03 -3.857030000000000181e-02 -2.107040951658302463e-02
3.362000000000000000e+03 -3.391410000000000258e-02 -1.938267291830135172e-02
3.362079999999999927e+03 -3.120090000000000016e-02 -1.782106532438816615e-02
3.362150000000000091e+03 -2.888059999999999933e-02 -1.671722318793454620e-02
3.362230000000000018e+03 -2.352450000000000027e-02 -1.569533679315059105e-02
3.362300000000000182e+03 -1.587809999999999916e-02 -1.496827402407845814e-02
3.362380000000000109e+03 -1.237790000000000071e-02 -1.428624118638563770e-02
3.362449999999999818e+03 -1.215660000000000004e-02 -1.379118290539716601e-02
3.362530000000000200e+03 -1.236010000000000060e-02 -1.331440662128033012e-02
3.362599999999999909e+03 -1.614760000000000154e-02 -1.295718337618467081e-02
3.362679999999999836e+03 -1.807500000000000079e-02 -1.260083806009704502e-02
3.362750000000000000e+03 -2.006869999999999835e-02 -1.232380823705752498e-02
3.362829999999999927e+03 -2.073590000000000155e-02 -1.203728102472104849e-02
3.362900000000000091e+03 -1.330600000000000012e-02 -1.180678973893246192e-02
3.362980000000000018e+03 -5.526370000000000067e-03 -1.156098110113548683e-02
3.363050000000000182e+03 -5.739840000000000393e-03 -1.135781126148106140e-02
3.363130000000000109e+03 -9.730499999999999566e-03 -1.113599155419755030e-02
3.363199999999999818e+03 -1.193160000000000054e-02 -1.094880016155471564e-02
3.363280000000000200e+03 -1.090819999999999984e-02 -1.074055061000743147e-02
3.363349999999999909e+03 -9.867330000000000545e-03 -1.056163782775023860e-02
3.363429999999999836e+03 -1.255279999999999938e-02 -1.035900889208505801e-02
3.363500000000000000e+03 -1.276300000000000004e-02 -1.018164745981256503e-02
3.363579999999999927e+03 -1.448789999999999974e-02 -9.976710273451521588e-03
3.363650000000000091e+03 -2.008530000000000038e-02 -9.793402924731325898e-03
3.363730000000000018e+03 -1.827880000000000130e-02 -9.576596303152495882e-03
3.363800000000000182e+03 -1.071539999999999992e-02 -9.377854978594290375e-03
3.363880000000000109e+03 -6.180950000000000159e-03 -9.136795873861881800e-03
3.363949999999999818e+03 -5.399929999999999834e-03 -8.910262028625031555e-03
3.364030000000000200e+03 -6.237910000000000156e-03 -8.628928779892665324e-03
3.364099999999999909e+03 -6.418659999999999644e-03 -8.358847458929227064e-03
3.364179999999999836e+03 -4.286930000000000428e-03 -8.017243300547542001e-03
3.364250000000000000e+03 -7.871470000000000203e-03 -7.684455266831285124e-03
3.364329999999999927e+03 -1.074469999999999939e-02 -7.259005142847269401e-03
3.364400000000000091e+03 -6.306250000000000223e-03 -6.841720909233678719e-03
3.364480000000000018e+03 -6.577910000000000180e-03 -6.306730661127725457e-03
3.364550000000000182e+03 -5.993059999999999707e-03 -5.782377514475169934e-03
3.364630000000000109e+03 -1.202130000000000039e-03 -5.112862421434868909e-03
3.364699999999999818e+03 -3.362379999999999883e-03 -4.461222660627921222e-03
3.364780000000000200e+03 -6.790140000000000065e-03 -3.637260662606320305e-03
3.364849999999999909e+03 -3.322499999999999933e-03 -2.844922791059745215e-03
3.364929999999999836e+03 0.000000000000000000e+00 -1.857389392741323926e-03
3.365000000000000000e+03 3.395790000000000093e-04 -9.232119899022983231e-04
3.365079999999999927e+03 5.751890000000000388e-04 2.196732709364331015e-04
3.365150000000000091e+03 5.571070000000000015e-03 1.278795928199471382e-03
3.365230000000000018e+03 1.127470000000000035e-02 2.545168095078780349e-03
3.365300000000000182e+03 7.888479999999999798e-03 3.689363638892342000e-03
3.365380000000000109e+03 1.978220000000000152e-03 5.019134838819406044e-03
3.365449999999999818e+03 2.746660000000000160e-03 6.182848570558706520e-03
3.365530000000000200e+03 7.261280000000000165e-03 7.486531157356131859e-03
3.365599999999999909e+03 1.039089999999999979e-02 8.579497566014782084e-03
3.365679999999999836e+03 1.288070000000000014e-02 9.741924348279647206e-03
3.365750000000000000e+03 1.404840000000000082e-02 1.065489362142316501e-02
3.365829999999999927e+03 1.440699999999999967e-02 1.154468269875069328e-02
3.365900000000000091e+03 1.534759999999999944e-02 1.216021009862897073e-02
3.365980000000000018e+03 2.036529999999999938e-02 1.264473396993681664e-02
3.366050000000000182e+03 2.606699999999999989e-02 1.285224638128602478e-02
3.366130000000000109e+03 2.123529999999999862e-02 1.281651876540569265e-02
3.366199999999999818e+03 1.048430000000000022e-02 1.252967890481125959e-02
3.366280000000000200e+03 7.275720000000000277e-03 1.189628374905675121e-02
3.366349999999999909e+03 8.876830000000000484e-03 1.106969355572278227e-02
3.366429999999999836e+03 9.117890000000000023e-03 9.816029013872684672e-03
3.366500000000000000e+03 1.450180000000000045e-02 8.457874969752428307e-03
3.366579999999999927e+03 1.493389999999999995e-02 6.626902503893081393e-03
3.366650000000000091e+03 2.697789999999999824e-03 4.804475869298051836e-03
3.366730000000000018e+03 -3.988219999999999786e-03 2.506013892701323097e-03
3.366800000000000182e+03 2.356309999999999915e-03 3.421756555134292457e-04
3.366880000000000109e+03 7.309290000000000405e-03 -2.256532001229507277e-03
3.366949999999999818e+03 1.877179999999999994e-03 -4.596125974468298972e-03
3.367030000000000200e+03 -5.585269999999999818e-03 -7.289656341716934523e-03
3.367099999999999909e+03 -6.254290000000000023e-03 -9.616801173873975456e-03
3.367179999999999836e+03 -4.658680000000000113e-03 -1.218756670937448314e-02
3.367250000000000000e+03 -8.417199999999999682e-03 -1.431579476407865426e-02
3.367329999999999927e+03 -1.401260000000000006e-02 -1.656225065423830647e-02
3.367400000000000091e+03 -1.752679999999999863e-02 -1.833080495734454654e-02
3.367480000000000018e+03 -1.650249999999999981e-02 -2.009277003372820711e-02
3.367550000000000182e+03 -1.281580000000000046e-02 -2.138598362668594696e-02
3.367630000000000109e+03 -1.628430000000000155e-02 -2.256265787794685743e-02
3.367699999999999818e+03 -2.177779999999999994e-02 -2.332150432956071190e-02
3.367780000000000200e+03 -1.951960000000000153e-02 -2.387940972174873097e-02
3.367849999999999909e+03 -1.869470000000000159e-02 -2.410372213411594855e-02
3.367929999999999836e+03 -2.244610000000000008e-02 -2.407397055906806624e-02
3.368000000000000000e+03 -2.166420000000000151e-02 -2.381577994847534213e-02
3.368079999999999927e+03 -2.037169999999999953e-02 -2.328221334437329329e-02
3.368150000000000091e+03 -1.950369999999999882e-02 -2.263233841041508917e-02
3.368230000000000018e+03 -1.808049999999999935e-02 -2.171367536011686167e-02
3.368300000000000182e+03 -2.229839999999999947e-02 -2.078472659373583817e-02
3.368380000000000109e+03 -2.765839999999999965e-02 -1.961456833387726847e-02
3.368449999999999818e+03 -2.479949999999999863e-02 -1.852374517463177203e-02
3.368530000000000200e+03 -1.597550000000000012e-02 -1.723208944975784460e-02
3.368599999999999909e+03 -1.005670000000000001e-02 -1.608661813786447722e-02
3.368679999999999836e+03 -7.979969999999999425e-03 -1.478559442113053235e-02
3.368750000000000000e+03 -1.007790000000000075e-02 -1.367262494179180554e-02
3.368829999999999927e+03 -9.827650000000000274e-03 -1.244784523887100189e-02
3.368900000000000091e+03 -5.940589999999999933e-03 -1.142942843872581105e-02
3.368980000000000018e+03 -9.058780000000000651e-03 -1.033702130760748988e-02
3.369050000000000182e+03 -1.342169999999999995e-02 -9.449728082641325327e-03
3.369130000000000109e+03 -1.216040000000000003e-02 -8.518089473936018424e-03
3.369199999999999818e+03 -7.401050000000000163e-03 -7.776117724445250241e-03
3.369280000000000200e+03 -3.812649999999999893e-03 -7.010830055236579213e-03
3.369349999999999909e+03 -6.837160000000000112e-03 -6.411144129998988701e-03
3.369429999999999836e+03 -8.703449999999999728e-03 -5.801394921401695909e-03
3.369500000000000000e+03 -5.144690000000000374e-03 -5.329510257834288618e-03
3.369579999999999927e+03 -2.981650000000000186e-03 -4.854580842936878984e-03
3.369650000000000091e+03 -1.896230000000000051e-03 -4.489922470070276464e-03
3.369730000000000018e+03 -9.877029999999999317e-04 -4.124757681621077018e-03
3.369800000000000182e+03 -3.279929999999999912e-03 -3.844941945275407585e-03
3.369880000000000109e+03 -4.562599999999999989e-03 -3.564296682076089837e-03
3.369949999999999818e+03 -8.961610000000000279e-04 -3.348088501815026097e-03
3.370030000000000200e+03 3.988039999999999988e-03 -3.129160311537223290e-03
3.370099999999999909e+03 4.155589999999999805e-03 -2.958165603749479244e-03
3.370179999999999836e+03 0.000000000000000000e+00 -2.781903237575117632e-03
3.370250000000000000e+03 -2.434239999999999841e-03 -2.641238372654700246e-03
3.370329999999999927e+03 -2.207390000000000047e-03 -2.492654735163602701e-03
3.370400000000000091e+03 7.232809999999999890e-04 -2.370900375834744840e-03
3.370480000000000018e+03 2.980329999999999785e-03 -2.238738275795273871e-03
3.370550000000000182e+03 4.845000000000000348e-03 -2.127462711584808975e-03
3.370630000000000109e+03 5.147330000000000308e-03 -2.003500922607722931e-03
3.370699999999999818e+03 1.700569999999999990e-03 -1.896561262301227563e-03
3.370780000000000200e+03 2.499490000000000045e-03 -1.774741463093964036e-03
3.370849999999999909e+03 4.983089999999999915e-03 -1.667465506003985376e-03
3.370929999999999836e+03 5.149830000000000206e-03 -1.542890280291631805e-03
3.371000000000000000e+03 5.764080000000000419e-03 -1.431121096414283500e-03
3.371079999999999927e+03 7.128800000000000241e-03 -1.298828457299357371e-03
3.371150000000000091e+03 6.675740000000000320e-03 -1.177681669772955714e-03
3.371230000000000018e+03 -4.991540000000000256e-04 -1.030945567527528136e-03
3.371300000000000182e+03 -5.210339999999999937e-03 -8.929908211445820995e-04
3.371380000000000109e+03 -1.732370000000000004e-03 -7.207428887929652429e-04
3.371449999999999818e+03 -3.290100000000000229e-04 -5.531992645979171312e-04
3.371530000000000200e+03 -6.176299999999999802e-04 -3.360613544832883378e-04
3.371599999999999909e+03 3.834409999999999902e-03 -1.165554375508919601e-04
3.371679999999999836e+03 9.235159999999999203e-03 1.789801395782181486e-04
3.371750000000000000e+03 6.549550000000000337e-03 4.883839971197541721e-04
3.371829999999999927e+03 5.322919999999999648e-04 9.177187310143992797e-04
3.371900000000000091e+03 2.188939999999999896e-03 1.377973880080100161e-03
3.371980000000000018e+03 3.346580000000000041e-03 2.027309470024259673e-03
3.372050000000000182e+03 2.577330000000000072e-04 2.730024857765006759e-03
3.372130000000000109e+03 3.517199999999999840e-03 3.724071495699138659e-03
3.372199999999999818e+03 6.778499999999999803e-03 4.796427288270666695e-03
3.372280000000000200e+03 3.593770000000000037e-03 6.300541408304327629e-03
3.372349999999999909e+03 2.922310000000000012e-03 7.902755414652965632e-03
3.372429999999999836e+03 4.718830000000000247e-03 1.011323555908703181e-02
3.372500000000000000e+03 3.331680000000000058e-03 1.242261061632648003e-02
3.372579999999999927e+03 5.866439999999999676e-03 1.553830680240927964e-02
3.372650000000000091e+03 1.024890000000000002e-02 1.871446462853928322e-02
3.372730000000000018e+03 7.352059999999999672e-03 2.288513290879738010e-02
3.372800000000000182e+03 8.115360000000000282e-03 2.701471242817009982e-02
3.372880000000000109e+03 1.660930000000000045e-02 3.226783618881617216e-02
3.372949999999999818e+03 2.438239999999999852e-02 3.729423128123577486e-02
3.373030000000000200e+03 3.127900000000000125e-02 4.345209025302898542e-02
3.373099999999999909e+03 3.959410000000000013e-02 4.910555775045435251e-02
3.373179999999999836e+03 5.034559999999999730e-02 5.571556748254986868e-02
3.373250000000000000e+03 5.772499999999999853e-02 6.146786548021670321e-02
3.373329999999999927e+03 5.559680000000000177e-02 6.777664363387382596e-02
3.373400000000000091e+03 5.489549999999999985e-02 7.284723507348569993e-02
3.373480000000000018e+03 6.325709999999999666e-02 7.784658901652025120e-02
3.373550000000000182e+03 6.902679999999999927e-02 8.127978243864217300e-02
3.373630000000000109e+03 7.350310000000000177e-02 8.383725323116625328e-02
3.373699999999999818e+03 8.114830000000000654e-02 8.465062975569977166e-02
3.373780000000000200e+03 8.507610000000000172e-02 8.371115132935436076e-02
3.373849999999999909e+03 8.526050000000000295e-02 8.109168945605045586e-02
3.373929999999999836e+03 7.609180000000000110e-02 7.591278870659114164e-02
3.374000000000000000e+03 6.103879999999999723e-02 6.942328784728445112e-02
3.374079999999999927e+03 5.003980000000000233e-02 5.980366559939838400e-02
3.374150000000000091e+03 4.192529999999999868e-02 4.957263475529585794e-02
3.374230000000000018e+03 3.285319999999999907e-02 3.605425019291312594e-02
3.374300000000000182e+03 1.882709999999999939e-02 2.293137328422274052e-02
3.374380000000000109e+03 9.262839999999999616e-03 6.924497031584742578e-03
3.374449999999999818e+03 3.408089999999999904e-03 -7.501376328681415122e-03
3.374530000000000200e+03 -1.241289999999999928e-02 -2.387282420453344656e-02
3.374599999999999909e+03 -3.123400000000000135e-02 -3.760683844321333763e-02
3.374679999999999836e+03 -4.667580000000000340e-02 -5.210112457251850349e-02
3.374750000000000000e+03 -5.996420000000000222e-02 -6.337061962153654748e-02
3.374829999999999927e+03 -7.262079999999999924e-02 -7.431548040022409318e-02
3.374900000000000091e+03 -8.599980000000000124e-02 -8.202790101945690859e-02
3.374980000000000018e+03 -9.424670000000000269e-02 -8.861434962529048109e-02
3.375050000000000182e+03 -9.294800000000000284e-02 -9.242830586182779196e-02
3.375130000000000109e+03 -8.719949999999999923e-02 -9.464410268088854772e-02
3.375199999999999818e+03 -8.576200000000000490e-02 -9.483833287212593832e-02
3.375280000000000200e+03 -8.810389999999999888e-02 -9.327941623627530876e-02
3.375349999999999909e+03 -8.786679999999999491e-02 -9.057057191776611560e-02
3.375429999999999836e+03 -8.041460000000000274e-02 -8.621943164077704169e-02
3.375500000000000000e+03 -6.989270000000000205e-02 -8.155906259265550962e-02
3.375579999999999927e+03 -6.126550000000000051e-02 -7.554804711645610182e-02
3.375650000000000091e+03 -5.354319999999999913e-02 -6.991917483570948832e-02
3.375730000000000018e+03 -5.199499999999999955e-02 -6.331350787049340456e-02
3.375800000000000182e+03 -5.632689999999999919e-02 -5.756363305579447615e-02
3.375880000000000109e+03 -5.477250000000000174e-02 -5.120571741190219073e-02
3.375949999999999818e+03 -4.409489999999999937e-02 -4.594616821791135119e-02
3.376030000000000200e+03 -3.612390000000000045e-02 -4.038328449918997254e-02
3.376099999999999909e+03 -3.452779999999999738e-02 -3.596210423964294606e-02
3.376179999999999836e+03 -3.394490000000000007e-02 -3.145231154693299558e-02
3.376250000000000000e+03 -3.632719999999999699e-02 -2.798620134438166082e-02
3.376329999999999927e+03 -3.724689999999999945e-02 -2.455766998550210772e-02
3.376400000000000091e+03 -3.493700000000000278e-02 -2.199707690740434346e-02
3.376480000000000018e+03 -3.043639999999999887e-02 -1.952981111810147066e-02
3.376550000000000182e+03 -2.317920000000000050e-02 -1.773120419772852147e-02
3.376630000000000109e+03 -1.765689999999999968e-02 -1.603510171653705838e-02
3.376699999999999818e+03 -1.141200000000000027e-02 -1.482201216110644315e-02
3.376780000000000200e+03 -4.641929999999999841e-03 -1.369587904577433332e-02
3.376849999999999909e+03 -3.911760000000000237e-03 -1.290021294252721024e-02
3.376929999999999836e+03 -5.695480000000000161e-03 -1.216718690271421585e-02
3.377000000000000000e+03 -3.747129999999999992e-03 -1.165061655137236696e-02
3.377079999999999927e+03 -3.109789999999999863e-03 -1.117305060163010372e-02
3.377150000000000091e+03 -5.106620000000000083e-03 -1.083310864477508850e-02
3.377230000000000018e+03 -2.693710000000000201e-03 -1.051342463482600464e-02
3.377300000000000182e+03 -1.249380000000000022e-03 -1.028035432999978988e-02
3.377380000000000109e+03 -4.419939999999999806e-03 -1.005453499767956435e-02
3.377449999999999818e+03 1.005079999999999938e-04 -9.884133470307532310e-03
3.377530000000000200e+03 7.374109999999999693e-03 -9.712889547592151035e-03
3.377599999999999909e+03 4.429439999999999766e-03 -9.578833207023920715e-03
3.377679999999999836e+03 -2.640019999999999867e-03 -9.439401112508984809e-03
3.377750000000000000e+03 -3.517559999999999871e-03 -9.326820379590389926e-03
3.377829999999999927e+03 -1.343030000000000048e-03 -9.206622822124796435e-03
3.377900000000000091e+03 9.216989999999999992e-05 -9.107456350804093992e-03
3.377980000000000018e+03 3.571280000000000027e-03 -8.999771160906748155e-03
3.378050000000000182e+03 3.189110000000000208e-03 -8.909748620512471587e-03
3.378130000000000109e+03 4.581470000000000030e-04 -8.811020278130334005e-03
3.378199999999999818e+03 1.553329999999999902e-03 -8.727866565330779508e-03
3.378280000000000200e+03 2.396740000000000068e-03 -8.636166479258584883e-03
3.378349999999999909e+03 2.581570000000000045e-03 -8.558610081003961700e-03
3.378429999999999836e+03 4.899220000000000137e-03 -8.472814551741460198e-03
3.378500000000000000e+03 6.088999999999999795e-03 -8.400074868357455815e-03
3.378579999999999927e+03 6.602460000000000100e-03 -8.319452463168910961e-03
3.378650000000000091e+03 6.448330000000000381e-03 -8.250989503420340376e-03
3.378730000000000018e+03 1.464620000000000028e-03 -8.175004481194791950e-03
3.378800000000000182e+03 -2.991820000000000070e-03 -8.110402159642340209e-03
3.378880000000000109e+03 -2.468680000000000006e-03 -8.038624329538199970e-03
3.378949999999999818e+03 2.347269999999999825e-03 -7.977537529468420319e-03
3.379030000000000200e+03 5.609920000000000011e-03 -7.909601453496308693e-03
3.379099999999999909e+03 0.000000000000000000e+00 -7.851731858688811710e-03
3.379179999999999836e+03 -3.235120000000000183e-03 -7.787317793867499713e-03
3.379250000000000000e+03 6.214779999999999610e-04 -7.732402139667271003e-03
3.379329999999999927e+03 1.305799999999999973e-03 -7.671226229221297932e-03
3.379400000000000091e+03 1.786150000000000021e-03 -7.619029798173102518e-03
3.379480000000000018e+03 2.744849999999999851e-04 -7.560838181317417091e-03
3.379550000000000182e+03 -7.514780000000000418e-03 -7.511150559492506436e-03
3.379630000000000109e+03 -1.030039999999999949e-02 -7.455715230653818873e-03
3.379699999999999818e+03 -2.642869999999999855e-03 -7.408347131293177741e-03
3.379780000000000200e+03 6.937329999999999799e-04 -7.355462689699347224e-03
3.379849999999999909e+03 -5.206920000000000298e-03 -7.310243371491085412e-03
3.379929999999999836e+03 -7.085720000000000213e-03 -7.259724315832781320e-03
3.380000000000000000e+03 -5.366830000000000385e-03 -7.216499399281337511e-03
3.380079999999999927e+03 -4.051100000000000187e-03 -7.168177815490082982e-03
3.380150000000000091e+03 0.000000000000000000e+00 -7.126807403573565819e-03
3.380230000000000018e+03 2.511180000000000009e-03 -7.080530965679524870e-03
3.380300000000000182e+03 2.177880000000000094e-04 -7.040888013772371619e-03
3.380380000000000109e+03 -1.750459999999999907e-03 -6.996518245927347245e-03
3.380449999999999818e+03 -3.476589999999999889e-03 -6.958487142121447602e-03
3.380530000000000200e+03 -8.086110000000000519e-03 -6.915897902690829047e-03
3.380599999999999909e+03 -1.165270000000000021e-02 -6.879373227872718349e-03
3.380679999999999836e+03 -1.107290000000000010e-02 -6.838449383852742910e-03
3.380750000000000000e+03 -8.123329999999999787e-03 -6.803334826185255917e-03
3.380829999999999927e+03 -3.937529999999999850e-03 -6.763971091368983259e-03
3.380900000000000091e+03 0.000000000000000000e+00 -6.730178493800688562e-03
3.380980000000000018e+03 3.911109999999999760e-03 -6.692278408197755400e-03
3.381050000000000182e+03 5.546920000000000323e-03 -6.659726930849813389e-03
3.381130000000000109e+03 2.862509999999999968e-03 -6.623201962216753759e-03
3.381199999999999818e+03 3.182819999999999833e-03 -6.591817344189202128e-03
3.381280000000000200e+03 5.479389999999999782e-03 -6.556586095349334863e-03
3.381349999999999909e+03 5.492979999999999738e-03 -6.526300002746809360e-03
3.381429999999999836e+03 3.122849999999999931e-03 -6.492287510753896873e-03
3.381500000000000000e+03 1.898869999999999985e-03 -6.463036959645246209e-03
3.381579999999999927e+03 6.304019999999999589e-03 -6.430174074848463671e-03
3.381650000000000091e+03 1.003169999999999930e-02 -6.401900919487004196e-03
3.381730000000000018e+03 1.395459999999999930e-02 -6.370123754260788480e-03
3.381800000000000182e+03 1.806369999999999851e-02 -6.342774232260340976e-03
3.381880000000000109e+03 1.434979999999999936e-02 -6.312023670595611965e-03
3.381949999999999818e+03 4.801490000000000272e-03 -6.285547997920883784e-03
3.382030000000000200e+03 -2.270770000000000080e-03 -6.255769258300567133e-03
3.382099999999999909e+03 -6.026459999999999977e-03 -6.230121267912644249e-03
3.382179999999999836e+03 -8.050899999999999723e-03 -6.201263512933602971e-03
3.382250000000000000e+03 -4.319299999999999876e-03 -6.176400331774107612e-03
3.382329999999999927e+03 1.932429999999999955e-03 -6.148416318859635174e-03
3.382400000000000091e+03 4.406860000000000291e-03 -6.124298078569831438e-03
3.382480000000000018e+03 1.567610000000000097e-03 -6.097143846878366226e-03
3.382550000000000182e+03 0.000000000000000000e+00 -6.073733424260816145e-03
3.382630000000000109e+03 2.769649999999999803e-03 -6.047368013536621491e-03
3.382699999999999818e+03 4.785260000000000381e-03 -6.024630797292409613e-03
3.382780000000000200e+03 5.958409999999999922e-03 -5.999015994960838448e-03
3.382849999999999909e+03 5.566439999999999756e-03 -5.976919675680673547e-03
3.382929999999999836e+03 4.656320000000000250e-03 -5.952019788965449629e-03
3.383000000000000000e+03 4.272119999999999911e-03 -5.930534169741389673e-03
3.383079999999999927e+03 5.243000000000000264e-03 -5.906315819987001565e-03
3.383150000000000091e+03 5.036610000000000392e-03 -5.885412645340945201e-03
3.383230000000000018e+03 7.356689999999999931e-04 -5.861844582080346332e-03
3.383300000000000182e+03 -3.499239999999999816e-03 -5.841497383191666080e-03
3.383380000000000109e+03 -3.359860000000000103e-03 -5.818550315798295090e-03
3.383449999999999818e+03 -1.754300000000000087e-03 -5.798734270262315832e-03
3.383530000000000200e+03 5.004010000000000359e-04 -5.776380715291293440e-03
3.383599999999999909e+03 4.388190000000000146e-03 -5.757072519851648938e-03
3.383679999999999836e+03 5.095289999999999715e-03 -5.735286662402699562e-03
