3.318130000000000109e+03 1.159639999999999976e-03 -1.056657101331127209e-03
3.318199999999999818e+03 2.250059999999999907e-03 -1.040823382547006190e-03
3.318280000000000200e+03 -6.874399999999999912e-04 -1.022247976422582545e-03
3.318349999999999909e+03 -3.562159999999999979e-03 -1.005559875786472910e-03
3.318429999999999836e+03 -3.677859999999999810e-03 -9.859724852731412224e-04
3.318500000000000000e+03 -3.957689999999999819e-03 -9.683663953544024462e-04
3.318579999999999927e+03 -4.676470000000000279e-03 -9.476909647081952198e-04
3.318650000000000091e+03 -3.433410000000000021e-03 -9.290972357803399528e-04
3.318730000000000018e+03 -2.373160000000000026e-03 -9.072504183842890896e-04
3.318800000000000182e+03 -5.406309999999999675e-04 -8.875926626812405927e-04
3.318880000000000109e+03 2.014859999999999828e-03 -8.644829742401631198e-04
3.318949999999999818e+03 3.994730000000000156e-03 -8.436772765540979067e-04
3.319030000000000200e+03 4.189000000000000015e-03 -8.192041333707428610e-04
3.319099999999999909e+03 1.743870000000000012e-03 -7.971581536541038314e-04
3.319179999999999836e+03 -1.405309999999999893e-03 -7.712107782680730720e-04
3.319250000000000000e+03 -2.717320000000000065e-03 -7.478227294681551347e-04
3.319329999999999927e+03 2.293969999999999993e-04 -7.202789029058236526e-04
3.319400000000000091e+03 3.589029999999999998e-03 -6.954363843724668121e-04
3.319480000000000018e+03 4.448510000000000138e-03 -6.661610206693138834e-04
3.319550000000000182e+03 3.755829999999999932e-03 -6.397396840532416310e-04
3.319630000000000109e+03 2.215359999999999985e-03 -6.085831984428702063e-04
3.319699999999999818e+03 8.558290000000000081e-04 -5.804452189404330203e-04
3.319780000000000200e+03 9.957399999999999498e-04 -5.472416560436958906e-04
3.319849999999999909e+03 3.119939999999999866e-03 -5.172339770101255525e-04
3.319929999999999836e+03 6.440640000000000080e-03 -4.817988593372405509e-04
3.320000000000000000e+03 8.868179999999999813e-03 -4.497511725483529631e-04
3.320079999999999927e+03 9.216759999999999189e-03 -4.118790224597655789e-04
3.320150000000000091e+03 8.014800000000000743e-03 -3.776014394625236414e-04
3.320230000000000018e+03 6.686600000000000009e-03 -3.370629192162794344e-04
3.320300000000000182e+03 8.340190000000000797e-03 -3.003432810724235898e-04
3.320380000000000109e+03 9.908319999999999975e-03 -2.568818854367983535e-04
3.320449999999999818e+03 8.420540000000000663e-03 -2.174826484900368052e-04
3.320530000000000200e+03 9.610709999999999739e-03 -1.708108723463416193e-04
3.320599999999999909e+03 8.297479999999999439e-03 -1.284654961427442090e-04
3.320679999999999836e+03 2.140780000000000113e-03 -7.826038519144311312e-05
3.320750000000000000e+03 1.694629999999999867e-04 -3.266913505637009454e-05
3.320829999999999927e+03 6.411449999999999745e-04 2.143288921117826248e-05
3.320900000000000091e+03 7.091139999999999466e-04 7.060782855086190912e-05
3.320980000000000018e+03 0.000000000000000000e+00 1.290169984296137516e-04
3.321050000000000182e+03 -1.872330000000000012e-04 1.821572207434569990e-04
3.321130000000000109e+03 2.153989999999999887e-04 2.453374587046744902e-04
3.321199999999999818e+03 -1.577099999999999900e-03 3.028749903849748369e-04
3.321280000000000200e+03 -4.265329999999999903e-04 3.713521318057548190e-04
3.321349999999999909e+03 4.128099999999999999e-03 4.337772125652954343e-04
3.321429999999999836e+03 5.388689999999999800e-03 5.081486256760582056e-04
3.321500000000000000e+03 3.413139999999999837e-03 5.760188153950832404e-04
3.321579999999999927e+03 2.279199999999999889e-03 6.569646647691823084e-04
3.321650000000000091e+03 3.661090000000000091e-03 7.309155087508812168e-04
3.321730000000000018e+03 5.246950000000000225e-03 8.192119476872574725e-04
3.321800000000000182e+03 6.119969999999999750e-03 8.999694679473813942e-04
3.321880000000000109e+03 5.346929999999999739e-03 9.965040864118699000e-04
3.321949999999999818e+03 3.119600000000000151e-03 1.084899402944868290e-03
3.322030000000000200e+03 1.210899999999999997e-03 1.190689298480216655e-03
3.322099999999999909e+03 1.309969999999999928e-03 1.287675718343644395e-03
3.322179999999999836e+03 3.145250000000000042e-03 1.403888592306984547e-03
3.322250000000000000e+03 2.233220000000000170e-03 1.510561529682426501e-03
3.322329999999999927e+03 -4.325409999999999910e-04 1.638540231076920581e-03
3.322400000000000091e+03 -2.331219999999999950e-04 1.756160327655759395e-03
3.322480000000000018e+03 1.626990000000000033e-03 1.897451255930864260e-03
3.322550000000000182e+03 1.577810000000000020e-03 2.027471040278404617e-03
3.322630000000000109e+03 1.653739999999999898e-03 2.183856750809267267e-03
3.322699999999999818e+03 1.606460000000000093e-03 2.327951078647962687e-03
3.322780000000000200e+03 -1.080079999999999972e-03 2.501487267656819172e-03
3.322849999999999909e+03 -2.492980000000000109e-03 2.661587575192235402e-03
3.322929999999999836e+03 -9.312609999999999595e-04 2.854644286463127022e-03
3.323000000000000000e+03 6.237540000000000185e-04 3.032976290577720033e-03
3.323079999999999927e+03 2.359480000000000171e-03 3.248282576008107003e-03
3.323150000000000091e+03 4.792799999999999838e-03 3.447406349334358831e-03
3.323230000000000018e+03 5.730569999999999935e-03 3.688096558541036855e-03
3.323300000000000182e+03 5.413939999999999898e-03 3.910946707798543948e-03
3.323380000000000109e+03 2.459480000000000000e-03 4.180604813624472574e-03
3.323449999999999818e+03 -1.264549999999999919e-03 4.430526508429609781e-03
3.323530000000000200e+03 8.961420000000000540e-04 4.733221988554794576e-03
3.323599999999999909e+03 6.656470000000000269e-03 5.013995387663325309e-03
3.323679999999999836e+03 8.274820000000000439e-03 5.354299565314182482e-03
3.323750000000000000e+03 5.370109999999999988e-03 5.670140116343850081e-03
3.323829999999999927e+03 3.501699999999999952e-03 6.053104616353204709e-03
3.323900000000000091e+03 2.765679999999999961e-03 6.408618823252696522e-03
3.323980000000000018e+03 1.656090000000000036e-03 6.839686653472796043e-03
3.324050000000000182e+03 2.172729999999999887e-03 7.239750920685872684e-03
3.324130000000000109e+03 4.500500000000000160e-03 7.724553959404573469e-03
3.324199999999999818e+03 4.900029999999999664e-03 8.174066399509379369e-03
3.324280000000000200e+03 4.520119999999999867e-03 8.718038772045532542e-03
3.324349999999999909e+03 4.900780000000000414e-03 9.221468670962171266e-03
3.324429999999999836e+03 4.640599999999999933e-03 9.829171877745568331e-03
3.324500000000000000e+03 5.768419999999999798e-03 1.038979781434603775e-02
3.324579999999999927e+03 8.635500000000000814e-03 1.106381048810653293e-02
3.324650000000000091e+03 1.057869999999999991e-02 1.168249757911342737e-02
3.324730000000000018e+03 1.039849999999999976e-02 1.242167550986852248e-02
3.324800000000000182e+03 8.646459999999999910e-03 1.309500362372403859e-02
3.324880000000000109e+03 9.761900000000000438e-03 1.389188141832417567e-02
3.324949999999999818e+03 1.462169999999999963e-02 1.460942349964138715e-02
3.325030000000000200e+03 1.475199999999999949e-02 1.544654955036063593e-02
3.325099999999999909e+03 1.107769999999999935e-02 1.618716506271906941e-02
3.325179999999999836e+03 8.526090000000000058e-03 1.703231996190935835e-02
3.325250000000000000e+03 7.397860000000000026e-03 1.775957003862248945e-02
3.325329999999999927e+03 9.105759999999999202e-03 1.856025551819315972e-02
3.325400000000000091e+03 9.689629999999999424e-03 1.921760932952907078e-02
3.325480000000000018e+03 7.034470000000000132e-03 1.989608984501003291e-02
3.325550000000000182e+03 7.961750000000000077e-03 2.040362101620658841e-02
3.325630000000000109e+03 1.078540000000000054e-02 2.085525456078284046e-02
3.325699999999999818e+03 9.302309999999999399e-03 2.111098797132120869e-02
3.325780000000000200e+03 7.216629999999999920e-03 2.121030612301382304e-02
3.325849999999999909e+03 7.207609999999999711e-03 2.110068154955408934e-02
3.325929999999999836e+03 4.994919999999999916e-03 2.072048323218838792e-02
3.326000000000000000e+03 2.834940000000000203e-03 2.014399009750756503e-02
3.326079999999999927e+03 5.529639999999999729e-03 1.919026008377689926e-02
3.326150000000000091e+03 6.975710000000000417e-03 1.809386945065136892e-02
3.326230000000000018e+03 6.906169999999999670e-03 1.655131395196265953e-02
3.326300000000000182e+03 8.255939999999999807e-03 1.496995196405290912e-02
3.326380000000000109e+03 4.644940000000000180e-03 1.294071110566833924e-02
3.326449999999999818e+03 -6.828480000000000053e-04 1.101989104583347111e-02
3.326530000000000200e+03 -4.013789999999999936e-04 8.730227721013528522e-03
3.326599999999999909e+03 2.709370000000000007e-03 6.711355900114304718e-03
3.326679999999999836e+03 2.421319999999999809e-03 4.470086141859612450e-03
3.326750000000000000e+03 4.039460000000000251e-04 2.634718905567497594e-03
3.326829999999999927e+03 5.688699999999999660e-04 7.541668423532896758e-04
3.326900000000000091e+03 -2.979060000000000171e-04 -6.503510972434836321e-04
3.326980000000000018e+03 -1.041140000000000078e-03 -1.934284360900705244e-03
3.327050000000000182e+03 -2.126840000000000067e-03 -2.751951918300322812e-03
3.327130000000000109e+03 -2.914570000000000008e-03 -3.323314416542560816e-03
3.327199999999999818e+03 7.370350000000000339e-04 -3.505880284722597343e-03
3.327280000000000200e+03 5.528800000000000381e-03 -3.363589404645301803e-03
3.327349999999999909e+03 7.939369999999999414e-03 -2.948819391724860108e-03
3.327429999999999836e+03 7.634349999999999817e-03 -2.168283258345532483e-03
3.327500000000000000e+03 7.988449999999999371e-03 -1.240179010801026414e-03
3.327579999999999927e+03 8.822220000000000409e-03 7.318189747982078303e-05
3.327650000000000091e+03 7.915949999999999723e-03 1.422042141886490068e-03
3.327730000000000018e+03 9.165319999999999370e-03 3.169436010922314136e-03
3.327800000000000182e+03 1.065679999999999926e-02 4.863222292781979594e-03
3.327880000000000109e+03 9.118350000000000760e-03 6.973641541562006219e-03
3.327949999999999818e+03 9.009470000000000325e-03 8.965620273559939124e-03
3.328030000000000200e+03 1.249660000000000007e-02 1.140415985884170140e-02
3.328099999999999909e+03 1.634999999999999995e-02 1.368008706331184238e-02
3.328179999999999836e+03 1.926229999999999956e-02 1.644874538002523076e-02
3.328250000000000000e+03 2.044690000000000049e-02 1.902586966071264860e-02
3.328329999999999927e+03 1.841989999999999947e-02 2.216142632072614152e-02
3.328400000000000091e+03 1.708519999999999830e-02 2.508637342079632002e-02
3.328480000000000018e+03 1.913979999999999848e-02 2.865817395269536563e-02
3.328550000000000182e+03 2.190100000000000033e-02 3.200544102139849661e-02
3.328630000000000109e+03 2.435479999999999937e-02 3.611431257274680395e-02
3.328699999999999818e+03 2.774889999999999995e-02 3.998587652135651704e-02
3.328780000000000200e+03 3.260860000000000147e-02 4.476418572575226185e-02
3.328849999999999909e+03 3.601490000000000247e-02 4.928977312247188186e-02
3.328929999999999836e+03 3.938300000000000134e-02 5.490156263899907685e-02
3.329000000000000000e+03 4.572009999999999963e-02 6.023810154276768719e-02
3.329079999999999927e+03 5.352570000000000244e-02 6.687682329645963653e-02
3.329150000000000091e+03 6.239530000000000076e-02 7.320399864246705801e-02
3.329230000000000018e+03 7.210129999999999317e-02 8.108292223322180470e-02
3.329300000000000182e+03 8.244010000000000227e-02 8.858888367395573171e-02
3.329380000000000109e+03 9.124730000000000341e-02 9.791485121855703078e-02
3.329449999999999818e+03 1.032229999999999953e-01 1.067610246523085782e-01
3.329530000000000200e+03 1.200190000000000007e-01 1.176746812321924768e-01
3.329599999999999909e+03 1.381509999999999960e-01 1.279203642677982089e-01
3.329679999999999836e+03 1.589419999999999999e-01 1.403746915331999523e-01
3.329750000000000000e+03 1.782529999999999948e-01 1.518311287885574512e-01
3.329829999999999927e+03 1.961970000000000103e-01 1.653680050623307640e-01
3.329900000000000091e+03 2.119459999999999955e-01 1.773444171399190805e-01
3.329980000000000018e+03 2.227790000000000048e-01 1.907310627844893691e-01
3.330050000000000182e+03 2.318929999999999880e-01 2.016551546681558116e-01
3.330130000000000109e+03 2.374189999999999912e-01 2.124024358302764592e-01
3.330199999999999818e+03 2.363520000000000065e-01 2.194014975352827357e-01
3.330280000000000200e+03 2.291459999999999886e-01 2.233872100296130092e-01
3.330349999999999909e+03 2.153239999999999876e-01 2.221791158257503118e-01
3.330429999999999836e+03 1.966090000000000060e-01 2.139909355427439264e-01
3.330500000000000000e+03 1.767589999999999995e-01 1.998014350606566458e-01
3.330579999999999927e+03 1.532560000000000033e-01 1.747039785521807553e-01
3.330650000000000091e+03 1.243630000000000013e-01 1.448445195721410339e-01
3.330730000000000018e+03 8.853969999999999896e-02 1.024709819235808395e-01
3.330800000000000182e+03 4.792910000000000226e-02 5.968798267606287983e-02
3.330880000000000109e+03 1.242620000000000009e-02 6.990450869146336982e-03
3.330949999999999818e+03 -2.096059999999999937e-02 -3.968244976582029071e-02
3.331030000000000200e+03 -5.926590000000000330e-02 -9.027149766470414505e-02
3.331099999999999909e+03 -9.831180000000000474e-02 -1.296368781481361809e-01
3.331179999999999836e+03 -1.315759999999999985e-01 -1.668687942062169471e-01
3.331250000000000000e+03 -1.578019999999999978e-01 -1.917008118807213557e-01
3.331329999999999927e+03 -1.784650000000000125e-01 -2.110674978020855574e-01
3.331400000000000091e+03 -1.977490000000000081e-01 -2.206584830224378735e-01
3.331480000000000018e+03 -2.144719999999999960e-01 -2.243694694070886286e-01
3.331550000000000182e+03 -2.190459999999999907e-01 -2.224521691925325784e-01
3.331630000000000109e+03 -2.161690000000000000e-01 -2.158004846126334586e-01
3.331699999999999818e+03 -2.134900000000000131e-01 -2.071896016927602391e-01
3.331780000000000200e+03 -2.058399999999999952e-01 -1.952946498816373333e-01
3.331849999999999909e+03 -1.934670000000000001e-01 -1.838549114398532747e-01
3.331929999999999836e+03 -1.798170000000000046e-01 -1.703025008266996210e-01
3.332000000000000000e+03 -1.642280000000000129e-01 -1.584536011039991976e-01
3.332079999999999927e+03 -1.485269999999999924e-01 -1.452782602073107165e-01
3.332150000000000091e+03 -1.349440000000000084e-01 -1.342646083094707898e-01
3.332230000000000018e+03 -1.199349999999999999e-01 -1.224050018316006766e-01
3.332300000000000182e+03 -1.031709999999999988e-01 -1.127236053881182920e-01
3.332380000000000109e+03 -9.134849999999999914e-02 -1.024770759634766604e-01
3.332449999999999818e+03 -8.173950000000000660e-02 -9.421860127842004995e-02
3.332530000000000200e+03 -7.129900000000000126e-02 -8.555730778288664351e-02
3.332599999999999909e+03 -6.418859999999999844e-02 -7.862145216173262174e-02
3.332679999999999836e+03 -5.598240000000000161e-02 -7.137810575114098000e-02
3.332750000000000000e+03 -4.710709999999999897e-02 -6.559276035770776614e-02
3.332829999999999927e+03 -4.545729999999999910e-02 -5.955815054374818257e-02
3.332900000000000091e+03 -4.388580000000000259e-02 -5.473883225102909450e-02
3.332980000000000018e+03 -3.591749999999999804e-02 -4.970789465914357552e-02
3.333050000000000182e+03 -2.881010000000000168e-02 -4.568403324856411957e-02
3.333130000000000109e+03 -2.484839999999999965e-02 -4.147452555260943557e-02
3.333199999999999818e+03 -2.202720000000000025e-02 -3.809877339338910845e-02
3.333280000000000200e+03 -2.039140000000000050e-02 -3.455643762940600883e-02
3.333349999999999909e+03 -1.909059999999999924e-02 -3.170594289259814208e-02
3.333429999999999836e+03 -1.633990000000000095e-02 -2.870357490264556152e-02
3.333500000000000000e+03 -1.144919999999999966e-02 -2.627785793441607051e-02
3.333579999999999927e+03 -8.669970000000000801e-03 -2.371202930065701570e-02
3.333650000000000091e+03 -9.552349999999999383e-03 -2.162973768652678291e-02
3.333730000000000018e+03 -1.134420000000000046e-02 -1.941695063943379984e-02
3.333800000000000182e+03 -1.164429999999999979e-02 -1.761253459224852019e-02
3.333880000000000109e+03 -9.308910000000000101e-03 -1.568558656906658341e-02
3.333949999999999818e+03 -8.481119999999999978e-03 -1.410631912992633442e-02
3.334030000000000200e+03 -1.039859999999999916e-02 -1.241116250319377820e-02
3.334099999999999909e+03 -9.781740000000000573e-03 -1.101463457926707586e-02
3.334179999999999836e+03 -7.860560000000000810e-03 -9.507789659803035989e-03
3.334250000000000000e+03 -7.657249999999999994e-03 -8.259878814343516243e-03
3.334329999999999927e+03 -8.533989999999999979e-03 -6.906362211539366844e-03
3.334400000000000091e+03 -1.161279999999999951e-02 -5.779622970272416116e-03
3.334480000000000018e+03 -9.956080000000000832e-03 -4.551320396165707202e-03
3.334550000000000182e+03 -4.493679999999999897e-03 -3.523730080099608027e-03
3.334630000000000109e+03 -5.477609999999999944e-03 -2.398138220560900018e-03
3.334699999999999818e+03 -7.728610000000000341e-03 -1.452134742454186996e-03
3.334780000000000200e+03 -6.631230000000000110e-03 -4.114039147835499809e-04
3.334849999999999909e+03 -5.306130000000000048e-03 4.668397064408994108e-04
3.334929999999999836e+03 -5.610910000000000203e-03 1.436619833736320091e-03
3.335000000000000000e+03 -7.426649999999999918e-03 2.257730090143370959e-03
3.335079999999999927e+03 -8.650770000000000334e-03 3.167049118424142360e-03
3.335150000000000091e+03 -8.289519999999999875e-03 3.938833267864044405e-03
3.335230000000000018e+03 -8.834929999999999520e-03 4.795121925740957261e-03
3.335300000000000182e+03 -9.636330000000000243e-03 5.522826968685024332e-03
3.335380000000000109e+03 -8.223400000000000501e-03 6.330695015307159085e-03
3.335449999999999818e+03 -6.874129999999999997e-03 7.017171286648842682e-03
3.335530000000000200e+03 -7.482789999999999581e-03 7.778550795743383039e-03
3.335599999999999909e+03 -8.304670000000000107e-03 8.424345177539862770e-03
3.335679999999999836e+03 -6.400610000000000153e-03 9.138567687675923368e-03
3.335750000000000000e+03 -4.217280000000000334e-03 9.741971829119688148e-03
3.335829999999999927e+03 -3.611360000000000091e-03 1.040580952380168629e-02
3.335900000000000091e+03 -2.697049999999999882e-03 1.096289095789330405e-02
3.335980000000000018e+03 -3.028850000000000032e-03 1.157059598790138519e-02
3.336050000000000182e+03 -5.608179999999999936e-03 1.207524432835613976e-02
3.336130000000000109e+03 -5.317139999999999714e-03 1.261862606586109520e-02
3.336199999999999818e+03 -2.874709999999999939e-03 1.306265189440782883e-02
3.336280000000000200e+03 -3.552800000000000055e-03 1.353123829933930433e-02
3.336349999999999909e+03 -3.270470000000000148e-03 1.390456775243261930e-02
3.336429999999999836e+03 1.378730000000000012e-06 1.428590244826168434e-02
3.336500000000000000e+03 7.293479999999999972e-04 1.457691405493157996e-02
3.336579999999999927e+03 8.043329999999999577e-04 1.485704263994251303e-02
3.336650000000000091e+03 5.488840000000000038e-03 1.505309208145832675e-02
3.336730000000000018e+03 8.920569999999999194e-03 1.521728632702514308e-02
3.336800000000000182e+03 7.103670000000000297e-03 1.530545632455686950e-02
3.336880000000000109e+03 5.587080000000000345e-03 1.533920947805544888e-02
3.336949999999999818e+03 6.348580000000000369e-03 1.530730273738596312e-02
3.337030000000000200e+03 7.140600000000000419e-03 1.519759982617130759e-02
3.337099999999999909e+03 8.209340000000000734e-03 1.503536059764559035e-02
3.337179999999999836e+03 1.066450000000000037e-02 1.477218297709431347e-02
3.337250000000000000e+03 1.278810000000000016e-02 1.447268748475484534e-02
3.337329999999999927e+03 1.433429999999999947e-02 1.405065319800389775e-02
3.337400000000000091e+03 1.562809999999999894e-02 1.361175522132647420e-02
3.337480000000000018e+03 1.569179999999999880e-02 1.303173383771379437e-02
3.337550000000000182e+03 1.465920000000000070e-02 1.245739861501912911e-02
3.337630000000000109e+03 1.317330000000000063e-02 1.172788497071157975e-02
3.337699999999999818e+03 1.273919999999999914e-02 1.102920675608386886e-02
3.337780000000000200e+03 1.256889999999999917e-02 1.016721070840040028e-02
3.337849999999999909e+03 9.980829999999999563e-03 9.362903301897030489e-03
3.337929999999999836e+03 5.763670000000000251e-03 8.394130200124859040e-03
3.338000000000000000e+03 4.862870000000000040e-03 7.510318931942389781e-03
3.338079999999999927e+03 6.158359999999999876e-03 6.468488560175310320e-03
3.338150000000000091e+03 5.913060000000000364e-03 5.537720091443064374e-03
3.338230000000000018e+03 2.577059999999999941e-03 4.462996361185573094e-03
3.338300000000000182e+03 -1.481789999999999973e-03 3.522507941685540118e-03
3.338380000000000109e+03 -2.600290000000000002e-04 2.459165593583770380e-03
3.338449999999999818e+03 2.228659999999999929e-03 1.548591623310467680e-03
3.338530000000000200e+03 3.916699999999999956e-04 5.421930368454540468e-04
3.338599999999999909e+03 -4.482650000000000350e-03 -2.990013277730792056e-04
3.338679999999999836e+03 -7.117100000000000336e-03 -1.204546896328300993e-03
3.338750000000000000e+03 -5.601550000000000279e-03 -1.939560193460337489e-03
3.338829999999999927e+03 -6.265539999999999998e-03 -2.704661016622816102e-03
3.338900000000000091e+03 -1.030780000000000064e-02 -3.301452186201177166e-03
3.338980000000000018e+03 -1.272509999999999961e-02 -3.892892188302387365e-03
3.339050000000000182e+03 -1.184110000000000024e-02 -4.325642916478016076e-03
3.339130000000000109e+03 -1.284919999999999986e-02 -4.717836287608882448e-03
3.339199999999999818e+03 -1.637720000000000148e-02 -4.967677810334913957e-03
3.339280000000000200e+03 -1.435050000000000041e-02 -5.143089689294836481e-03
3.339349999999999909e+03 -1.235089999999999973e-02 -5.198140890840322048e-03
3.339429999999999836e+03 -1.759159999999999890e-02 -5.147006002344261047e-03
3.339500000000000000e+03 -1.955600000000000047e-02 -5.001899319176611111e-03
3.339579999999999927e+03 -1.541129999999999931e-02 -4.721499070651641317e-03
3.339650000000000091e+03 -1.254450000000000010e-02 -4.376663477357675344e-03
3.339730000000000018e+03 -1.003639999999999914e-02 -3.870504501333517974e-03
3.339800000000000182e+03 -7.893850000000000866e-03 -3.331527212135146614e-03
3.339880000000000109e+03 -9.188939999999999608e-03 -2.608803740494710071e-03
3.339949999999999818e+03 -1.202010000000000058e-02 -1.886211124213027068e-03
3.340030000000000200e+03 -9.740860000000000490e-03 -9.619395708922065351e-04
3.340099999999999909e+03 -4.667390000000000427e-03 -7.173004875749662210e-05
3.340179999999999836e+03 -4.561220000000000378e-03 1.032081392211323546e-03
3.340250000000000000e+03 -3.891509999999999934e-03 2.066861644355288009e-03
3.340329999999999927e+03 -3.687590000000000247e-04 3.318727155151972048e-03
3.340400000000000091e+03 2.810819999999999898e-03 4.465190760311401469e-03
3.340480000000000018e+03 7.392430000000000181e-03 5.820272827943180627e-03
3.340550000000000182e+03 8.832029999999999395e-03 7.031784261511287576e-03
3.340630000000000109e+03 3.751410000000000161e-03 8.427030711370523536e-03
3.340699999999999818e+03 -3.274339999999999977e-06 9.638875462449052883e-03
3.340780000000000200e+03 5.268459999999999983e-03 1.098847941345906798e-02
3.340849999999999909e+03 1.596099999999999949e-02 1.211483725179181292e-02
3.340929999999999836e+03 1.965839999999999949e-02 1.330879145718212760e-02
3.341000000000000000e+03 1.431220000000000062e-02 1.424420558797954289e-02
3.341079999999999927e+03 1.088270000000000036e-02 1.515444968942708526e-02
3.341150000000000091e+03 1.391640000000000064e-02 1.578429743657924073e-02
3.341230000000000018e+03 1.789299999999999918e-02 1.628377976377909375e-02
3.341300000000000182e+03 1.574789999999999870e-02 1.650786635134419977e-02
3.341380000000000109e+03 1.068580000000000051e-02 1.650543562011260595e-02
3.341449999999999818e+03 1.149739999999999963e-02 1.627445640108681965e-02
3.341530000000000200e+03 1.405840000000000041e-02 1.576054178754646151e-02
3.341599999999999909e+03 1.274969999999999923e-02 1.511581817246959031e-02
3.341679999999999836e+03 1.342269999999999922e-02 1.420163441261942244e-02
3.341750000000000000e+03 1.649979999999999850e-02 1.329835892567540583e-02
3.341829999999999927e+03 1.463730000000000066e-02 1.222348967862153107e-02
3.341900000000000091e+03 1.002789999999999931e-02 1.131694515827540333e-02
3.341980000000000018e+03 8.513980000000000853e-03 1.040889366995740965e-02
3.342050000000000182e+03 9.524470000000000158e-03 9.799688147460189000e-03
3.342130000000000109e+03 1.084109999999999935e-02 9.395876929221412543e-03
3.342199999999999818e+03 1.128840000000000052e-02 9.356402541840360548e-03
3.342280000000000200e+03 1.240540000000000045e-02 9.725086279793952737e-03
3.342349999999999909e+03 1.445689999999999996e-02 1.044309633518645218e-02
3.342429999999999836e+03 1.586579999999999935e-02 1.174071233009396642e-02
3.342500000000000000e+03 1.737910000000000149e-02 1.330383706388218318e-02
3.342579999999999927e+03 1.759979999999999878e-02 1.558142458477907583e-02
3.342650000000000091e+03 1.677810000000000065e-02 1.800039720374212518e-02
3.342730000000000018e+03 1.762450000000000128e-02 2.124410272288455512e-02
3.342800000000000182e+03 1.803000000000000089e-02 2.449478700446046722e-02
3.342880000000000109e+03 2.098150000000000015e-02 2.867534799118571370e-02
3.342949999999999818e+03 2.510580000000000103e-02 3.273939557229785940e-02
3.343030000000000200e+03 2.495409999999999989e-02 3.785260153391060978e-02
3.343099999999999909e+03 2.541749999999999912e-02 4.274643468313476385e-02
3.343179999999999836e+03 2.821390000000000009e-02 4.883877714617299720e-02
3.343250000000000000e+03 3.366260000000000085e-02 5.463008695210704035e-02
3.343329999999999927e+03 3.918680000000000080e-02 6.181196205219253309e-02
3.343400000000000091e+03 4.240270000000000150e-02 6.862735701797258170e-02
3.343480000000000018e+03 4.803990000000000343e-02 7.707844320622843359e-02
3.343550000000000182e+03 5.831259999999999916e-02 8.510586735331564234e-02
3.343630000000000109e+03 6.907739999999999714e-02 9.507562714806729043e-02
3.343699999999999818e+03 7.617599999999999372e-02 1.045626804434411500e-01
3.343780000000000200e+03 8.475660000000000138e-02 1.163652422938877551e-01
3.343849999999999909e+03 9.994630000000000181e-02 1.276106471703462308e-01
3.343929999999999836e+03 1.177529999999999966e-01 1.416080340090805911e-01
3.344000000000000000e+03 1.353739999999999943e-01 1.549379071258022988e-01
3.344079999999999927e+03 1.555010000000000003e-01 1.714977194841027230e-01
3.344150000000000091e+03 1.766890000000000127e-01 1.872097632515714039e-01
3.344230000000000018e+03 1.984849999999999948e-01 2.066113330248065261e-01
3.344300000000000182e+03 2.241680000000000061e-01 2.248572578330765293e-01
3.344380000000000109e+03 2.531289999999999929e-01 2.471033882959498829e-01
3.344449999999999818e+03 2.830610000000000070e-01 2.676641641307316299e-01
3.344530000000000200e+03 3.149190000000000045e-01 2.921396284663260734e-01
3.344599999999999909e+03 3.493060000000000054e-01 3.140410172347115614e-01
3.344679999999999836e+03 3.836189999999999878e-01 3.389690888084027631e-01
3.344750000000000000e+03 4.133789999999999965e-01 3.599235154928390745e-01
3.344829999999999927e+03 4.358589999999999964e-01 3.816730478501605961e-01
3.344900000000000091e+03 4.498389999999999889e-01 3.974956387204557351e-01
3.344980000000000018e+03 4.521410000000000151e-01 4.100841444486476028e-01
3.345050000000000182e+03 4.439710000000000045e-01 4.145850380635071053e-01
3.345130000000000109e+03 4.305990000000000095e-01 4.101947928193461212e-01
3.345199999999999818e+03 4.100090000000000123e-01 3.964129074564644584e-01
3.345280000000000200e+03 3.749850000000000128e-01 3.678620293208744729e-01
3.345349999999999909e+03 3.280049999999999910e-01 3.311044401669914761e-01
3.345429999999999836e+03 2.725000000000000200e-01 2.759217571609134390e-01
3.345500000000000000e+03 2.078649999999999942e-01 2.172300783674835645e-01
3.345579999999999927e+03 1.376330000000000053e-01 1.405814188515107088e-01
3.345650000000000091e+03 6.530560000000000531e-02 6.773647929062145967e-02
3.345730000000000018e+03 -7.182840000000000232e-03 -1.850316180938228749e-02
3.345800000000000182e+03 -7.835780000000000522e-02 -9.336141586792588709e-02
3.345880000000000109e+03 -1.483379999999999976e-01 -1.744387628333234630e-01
3.345949999999999818e+03 -2.151450000000000029e-01 -2.385746138683673134e-01
3.346030000000000200e+03 -2.731720000000000259e-01 -3.012599200180815506e-01
3.346099999999999909e+03 -3.191249999999999920e-01 -3.451794294829315657e-01
3.346179999999999836e+03 -3.592529999999999890e-01 -3.819465037137917407e-01
3.346250000000000000e+03 -3.926499999999999990e-01 -4.024582320065792640e-01
3.346329999999999927e+03 -4.135489999999999999e-01 -4.135801769338144362e-01
3.346400000000000091e+03 -4.258899999999999908e-01 -4.139175481484563823e-01
3.346480000000000018e+03 -4.245610000000000217e-01 -4.055755173845858041e-01
3.346550000000000182e+03 -4.139689999999999759e-01 -3.923928752735094116e-01
3.346630000000000109e+03 -4.007109999999999839e-01 -3.725751749528496415e-01
3.346699999999999818e+03 -3.783850000000000269e-01 -3.525186184206547391e-01
3.346780000000000200e+03 -3.544320000000000248e-01 -3.279071975872892009e-01
3.346849999999999909e+03 -3.319900000000000073e-01 -3.058150061688703625e-01
3.346929999999999836e+03 -3.032369999999999788e-01 -2.807443053374398256e-01
3.347000000000000000e+03 -2.696310000000000096e-01 -2.594403444920022062e-01
3.347079999999999927e+03 -2.370909999999999962e-01 -2.361916035231477473e-01
3.347150000000000091e+03 -2.089759999999999951e-01 -2.169984308620017122e-01
3.347230000000000018e+03 -1.844739999999999991e-01 -1.964913442296004620e-01
3.347300000000000182e+03 -1.617129999999999956e-01 -1.798269698789570492e-01
3.347380000000000109e+03 -1.414980000000000127e-01 -1.622269076520347630e-01
3.347449999999999818e+03 -1.249190000000000023e-01 -1.480486069259996373e-01
3.347530000000000200e+03 -1.124229999999999952e-01 -1.331711085615946422e-01
3.347599999999999909e+03 -9.943689999999999474e-02 -1.212477223337257992e-01
3.347679999999999836e+03 -8.612459999999999560e-02 -1.087913247504834757e-01
3.347750000000000000e+03 -7.715729999999999811e-02 -9.885153823971251641e-02
3.347829999999999927e+03 -6.928170000000000162e-02 -8.851803934333370150e-02
3.347900000000000091e+03 -6.128480000000000039e-02 -8.032237422877960831e-02
3.347980000000000018e+03 -5.435149999999999704e-02 -7.187019577888159594e-02
3.348050000000000182e+03 -4.899680000000000007e-02 -6.523794064856348884e-02
3.348130000000000109e+03 -4.484590000000000104e-02 -5.849486724037559343e-02
3.348199999999999818e+03 -4.390859999999999902e-02 -5.330190525187234601e-02
3.348280000000000200e+03 -4.315170000000000117e-02 -4.814926139033746250e-02
3.348349999999999909e+03 -3.525820000000000343e-02 -4.430371227891193725e-02
3.348429999999999836e+03 -2.944060000000000080e-02 -4.063801254629850063e-02
3.348500000000000000e+03 -2.928129999999999969e-02 -3.803932102487841277e-02
3.348579999999999927e+03 -2.586050000000000154e-02 -3.572050205091311520e-02
3.348650000000000091e+03 -2.260130000000000125e-02 -3.421380759266361149e-02
3.348730000000000018e+03 -2.365269999999999873e-02 -3.301886946733435108e-02
3.348800000000000182e+03 -2.513390000000000069e-02 -3.236529464740878215e-02
3.348880000000000109e+03 -2.605210000000000164e-02 -3.197331274693566289e-02
3.348949999999999818e+03 -2.756890000000000035e-02 -3.185750121084281183e-02
3.349030000000000200e+03 -2.933190000000000103e-02 -3.188358022549320908e-02
3.349099999999999909e+03 -2.974339999999999970e-02 -3.196366700857401766e-02
3.349179999999999836e+03 -2.951190000000000063e-02 -3.203281453824768227e-02
3.349250000000000000e+03 -3.244940000000000324e-02 -3.201170830079398677e-02
3.349329999999999927e+03 -3.691860000000000280e-02 -3.183689553563270186e-02
3.349400000000000091e+03 -3.713310000000000222e-02 -3.151900999249427487e-02
3.349480000000000018e+03 -3.283610000000000001e-02 -3.094522511472936471e-02
3.349550000000000182e+03 -2.838780000000000123e-02 -3.025378794009567565e-02
3.349630000000000109e+03 -2.643020000000000092e-02 -2.925403126762354117e-02
3.349699999999999818e+03 -2.632879999999999943e-02 -2.821005051187018206e-02
3.349780000000000200e+03 -2.720699999999999855e-02 -2.684731312309782125e-02
3.349849999999999909e+03 -2.520060000000000008e-02 -2.552971723513498131e-02
3.349929999999999836e+03 -2.181479999999999878e-02 -2.391007771109405003e-02
3.350000000000000000e+03 -2.268080000000000096e-02 -2.241753894711433215e-02
3.350079999999999927e+03 -2.362929999999999892e-02 -2.065295396804636349e-02
3.350150000000000091e+03 -2.313720000000000013e-02 -1.907822609118543788e-02
3.350230000000000018e+03 -1.976659999999999875e-02 -1.726529849975349737e-02
3.350300000000000182e+03 -1.452490000000000031e-02 -1.568314121200422434e-02
3.350380000000000109e+03 -1.352749999999999959e-02 -1.389554428385718007e-02
3.350449999999999818e+03 -1.417339999999999919e-02 -1.236036863844578934e-02
3.350530000000000200e+03 -1.379129999999999939e-02 -1.064967118920416914e-02
3.350599999999999909e+03 -1.248709999999999924e-02 -9.198328966408505711e-03
3.350679999999999836e+03 -1.519069999999999969e-02 -7.598563609173381028e-03
3.350750000000000000e+03 -1.799270000000000036e-02 -6.254924771776408654e-03
3.350829999999999927e+03 -1.275850000000000074e-02 -4.787944087060932823e-03
3.350900000000000091e+03 -8.555379999999999582e-03 -3.567390223743319155e-03
3.350980000000000018e+03 -8.693080000000000598e-03 -2.247557782194621427e-03
3.351050000000000182e+03 -8.246919999999999598e-03 -1.160596181477112484e-03
3.351130000000000109e+03 -8.128579999999999833e-03 1.694663125675899273e-06
3.351199999999999818e+03 -8.591480000000000297e-03 9.468908561134268230e-04
3.351280000000000200e+03 -7.378359999999999606e-03 1.942906026512080612e-03
3.351349999999999909e+03 -1.018040000000000004e-03 2.738961241489022615e-03
3.351429999999999836e+03 8.080139999999999545e-03 3.560379264159781957e-03
3.351500000000000000e+03 1.248080000000000023e-02 4.200031254545912029e-03
3.351579999999999927e+03 1.506140000000000083e-02 4.838580723816843579e-03
3.351650000000000091e+03 1.714660000000000142e-02 5.314694745443477794e-03
3.351730000000000018e+03 1.703790000000000165e-02 5.762509213097767591e-03
3.351800000000000182e+03 1.730009999999999881e-02 6.068652768517852555e-03
3.351880000000000109e+03 1.559579999999999994e-02 6.319191499906876355e-03
3.351949999999999818e+03 1.464949999999999933e-02 6.450638123268537596e-03
3.352030000000000200e+03 1.347310000000000001e-02 6.500017922742688109e-03
3.352099999999999909e+03 1.243900000000000040e-02 6.455035905980472527e-03
3.352179999999999836e+03 1.566369999999999915e-02 6.303594579913382109e-03
3.352250000000000000e+03 1.504879999999999933e-02 6.084847827324473685e-03
3.352329999999999927e+03 1.477520000000000049e-02 5.738722149562423130e-03
3.352400000000000091e+03 1.862240000000000076e-02 5.354576615998963424e-03
3.352480000000000018e+03 1.811669999999999947e-02 4.827043192271356434e-03
3.352550000000000182e+03 1.531390000000000008e-02 4.292550252200658806e-03
3.352630000000000109e+03 1.292040000000000029e-02 3.604867021173030223e-03
3.352699999999999818e+03 1.145080000000000056e-02 2.942202775461249999e-03
3.352780000000000200e+03 7.847599999999999715e-03 2.123721191664330963e-03
3.352849999999999909e+03 1.897459999999999902e-03 1.361911904237460887e-03
3.352929999999999836e+03 1.555340000000000108e-03 4.493154320913406163e-04
3.353000000000000000e+03 1.480860000000000076e-03 -3.768232307752527287e-04
3.353079999999999927e+03 -2.512330000000000119e-03 -1.341165188468345162e-03
3.353150000000000091e+03 -4.037759999999999613e-03 -2.192816427113916927e-03
3.353230000000000018e+03 -4.820960000000000002e-03 -3.163232270949356030e-03
3.353300000000000182e+03 -6.905790000000000192e-03 -3.999898308819796119e-03
3.353380000000000109e+03 -9.017719999999999902e-03 -4.930244038664631685e-03
3.353449999999999818e+03 -1.025560000000000013e-02 -5.712294859788843993e-03
3.353530000000000200e+03 -9.015340000000000159e-03 -6.558846058902551360e-03
3.353599999999999909e+03 -9.764550000000000313e-03 -7.249945614435799809e-03
3.353679999999999836e+03 -1.589950000000000044e-02 -7.973955033382979993e-03
3.353750000000000000e+03 -2.164009999999999892e-02 -8.543040221400762316e-03
3.353829999999999927e+03 -2.197520000000000029e-02 -9.112635160057166311e-03
3.353900000000000091e+03 -2.116540000000000088e-02 -9.535215797374070948e-03
3.353980000000000018e+03 -2.379739999999999980e-02 -9.926443105660482172e-03
3.354050000000000182e+03 -2.726129999999999873e-02 -1.018512392217405839e-02
3.354130000000000109e+03 -2.769370000000000165e-02 -1.038210993781651936e-02
3.354199999999999818e+03 -2.364499999999999935e-02 -1.046637336118908662e-02
3.354280000000000200e+03 -1.864839999999999900e-02 -1.046071229483515330e-02
3.354349999999999909e+03 -1.505410000000000081e-02 -1.036611274196311445e-02
3.354429999999999836e+03 -1.276500000000000030e-02 -1.015570161080442749e-02
3.354500000000000000e+03 -1.292770000000000030e-02 -9.882690856898248069e-03
3.354579999999999927e+03 -1.383129999999999950e-02 -9.470281563621786927e-03
3.354650000000000091e+03 -1.462420000000000039e-02 -9.022909285371494628e-03
3.354730000000000018e+03 -1.418849999999999972e-02 -8.414655484626901161e-03
3.354800000000000182e+03 -1.187249999999999937e-02 -7.799380774952565515e-03
3.354880000000000109e+03 -8.121980000000000866e-03 -7.003636443148154173e-03
3.354949999999999818e+03 -4.427399999999999738e-03 -6.228462649256137282e-03
3.355030000000000200e+03 -4.485509999999999844e-03 -5.255061456939867995e-03
3.355099999999999909e+03 -7.101739999999999615e-03 -4.329185031850257825e-03
3.355179999999999836e+03 -1.155420000000000058e-02 -3.189411014467910446e-03
3.355250000000000000e+03 -1.266049999999999988e-02 -2.123565462113695835e-03
3.355329999999999927e+03 -4.889459999999999987e-03 -8.310216643649282354e-04
3.355400000000000091e+03 9.343689999999999982e-04 3.613019015858646293e-04
3.355480000000000018e+03 -4.030830000000000003e-03 1.788721464682389416e-03
3.355550000000000182e+03 -8.862550000000000289e-03 3.089006929935826738e-03
3.355630000000000109e+03 -3.879089999999999969e-03 4.625876427014711037e-03
3.355699999999999818e+03 2.794720000000000103e-03 6.007174522658989546e-03
3.355780000000000200e+03 5.208370000000000360e-03 7.616024374032227817e-03
3.355849999999999909e+03 4.849619999999999799e-03 9.038550091522318600e-03
3.355929999999999836e+03 4.065489999999999729e-03 1.066451146342810991e-02
3.356000000000000000e+03 5.100770000000000130e-03 1.207094566181442404e-02
3.356079999999999927e+03 5.630600000000000362e-03 1.363685804195050727e-02
3.356150000000000091e+03 4.903610000000000087e-03 1.494906547313959791e-02
3.356230000000000018e+03 5.784319999999999913e-03 1.635379112111438882e-02
3.356300000000000182e+03 8.412509999999999780e-03 1.747411738167844661e-02
3.356380000000000109e+03 9.899979999999999197e-03 1.859852719309033550e-02
3.356449999999999818e+03 1.072790000000000028e-02 1.942015572443201929e-02
3.356530000000000200e+03 1.214729999999999976e-02 2.014609445629900533e-02
3.356599999999999909e+03 1.129170000000000000e-02 2.057659356088826705e-02
3.356679999999999836e+03 9.736850000000000019e-03 2.082178139550546966e-02
3.356750000000000000e+03 1.006879999999999928e-02 2.081965561686330637e-02
3.356829999999999927e+03 1.119299999999999982e-02 2.058359903972983851e-02
3.356900000000000091e+03 1.114030000000000055e-02 2.019837123286304797e-02
3.356980000000000018e+03 7.712779999999999810e-03 1.960215697248587213e-02
3.357050000000000182e+03 4.759470000000000020e-03 1.899830492114371397e-02
3.357130000000000109e+03 5.020779999999999861e-03 1.829315485890884926e-02
3.357199999999999818e+03 5.116279999999999960e-03 1.773729530613094713e-02
3.357280000000000200e+03 6.950089999999999914e-03 1.726527269803079453e-02
3.357349999999999909e+03 8.635989999999999639e-03 1.707237952885103799e-02
3.357429999999999836e+03 6.270969999999999843e-03 1.718940424966138025e-02
3.357500000000000000e+03 6.915659999999999689e-03 1.765002552742445802e-02
3.357579999999999927e+03 9.404420000000000140e-03 1.864750919885930017e-02
3.357650000000000091e+03 9.687070000000000750e-03 1.997189467162114457e-02
3.357730000000000018e+03 1.054429999999999951e-02 2.203471580769446672e-02
3.357800000000000182e+03 1.282499999999999959e-02 2.433796112090462482e-02
3.357880000000000109e+03 1.659199999999999911e-02 2.755178789919028939e-02
3.357949999999999818e+03 1.679649999999999893e-02 3.087806518157771435e-02
3.358030000000000200e+03 1.537939999999999967e-02 3.527127541097190011e-02
3.358099999999999909e+03 1.831560000000000132e-02 3.963731522781900607e-02
3.358179999999999836e+03 2.180409999999999987e-02 4.523232997233640057e-02
3.358250000000000000e+03 2.605820000000000011e-02 5.066978083285068185e-02
3.358329999999999927e+03 3.177449999999999719e-02 5.752543200942118740e-02
3.358400000000000091e+03 3.618980000000000113e-02 6.411132574444095011e-02
3.358480000000000018e+03 4.170630000000000170e-02 7.234974163956317539e-02
3.358550000000000182e+03 4.873179999999999873e-02 8.022338528912924260e-02
3.358630000000000109e+03 5.678380000000000233e-02 9.004237774198188549e-02
3.358699999999999818e+03 6.558329999999999715e-02 9.941061617936830519e-02
3.358780000000000200e+03 7.558600000000000041e-02 1.110834706446481857e-01
3.358849999999999909e+03 9.019860000000000377e-02 1.222146054987542502e-01
3.358929999999999836e+03 1.073790000000000022e-01 1.360749191626147991e-01
3.359000000000000000e+03 1.250870000000000037e-01 1.492760401027090067e-01
3.359079999999999927e+03 1.433570000000000122e-01 1.656769679964921471e-01
3.359150000000000091e+03 1.639929999999999999e-01 1.812403969360760481e-01
3.359230000000000018e+03 1.924119999999999997e-01 2.004650389118492471e-01
3.359300000000000182e+03 2.235689999999999900e-01 2.185564163069018961e-01
3.359380000000000109e+03 2.489760000000000029e-01 2.406388031712405895e-01
3.359449999999999818e+03 2.750250000000000195e-01 2.610831570325706230e-01
3.359530000000000200e+03 3.068699999999999761e-01 2.854822091804981588e-01
3.359599999999999909e+03 3.378709999999999769e-01 3.073951057798413045e-01
3.359679999999999836e+03 3.630999999999999783e-01 3.324694093855103949e-01
3.359750000000000000e+03 3.868909999999999849e-01 3.537118475298199338e-01
3.359829999999999927e+03 4.084889999999999910e-01 3.760316467666239837e-01
3.359900000000000091e+03 4.194220000000000170e-01 3.926135357818570371e-01
3.359980000000000018e+03 4.233319999999999861e-01 4.064178997300485485e-01
3.360050000000000182e+03 4.198089999999999877e-01 4.123121675622526960e-01
3.360130000000000109e+03 4.032399999999999873e-01 4.098850240181621252e-01
3.360199999999999818e+03 3.778349999999999764e-01 3.980994794630539624e-01
3.360280000000000200e+03 3.406089999999999951e-01 3.720385446834798548e-01
3.360349999999999909e+03 2.901949999999999807e-01 3.375076867622155419e-01
3.360429999999999836e+03 2.358190000000000008e-01 2.847324017297052090e-01
3.360500000000000000e+03 1.788859999999999895e-01 2.278624516867425731e-01
3.360579999999999927e+03 1.136530000000000040e-01 1.527986701412676618e-01
3.360650000000000091e+03 4.255520000000000136e-02 8.079932863726059511e-02
3.360730000000000018e+03 -2.771790000000000018e-02 -5.166324943299873892e-03
3.360800000000000182e+03 -9.796939999999999815e-02 -8.040824486217981737e-02
3.360880000000000109e+03 -1.670359999999999900e-01 -1.626054219511525456e-01
3.360949999999999818e+03 -2.281590000000000007e-01 -2.282467172782191855e-01
3.361030000000000200e+03 -2.819010000000000127e-01 -2.931166737982678350e-01
3.361099999999999909e+03 -3.298200000000000021e-01 -3.392044494057266935e-01
3.361179999999999836e+03 -3.680280000000000218e-01 -3.785450236440611738e-01
3.361250000000000000e+03 -3.972289999999999988e-01 -4.012345531609920468e-01
3.361329999999999927e+03 -4.162210000000000076e-01 -4.146092383297681483e-01
3.361400000000000091e+03 -4.239240000000000230e-01 -4.166280321803307873e-01
3.361480000000000018e+03 -4.262960000000000083e-01 -4.098320624921674149e-01
3.361550000000000182e+03 -4.213259999999999783e-01 -3.976753663812085948e-01
3.361630000000000109e+03 -4.045920000000000072e-01 -3.786912217653524149e-01
3.361699999999999818e+03 -3.809649999999999981e-01 -3.591116092046960917e-01
3.361780000000000200e+03 -3.553250000000000020e-01 -3.348155810305756264e-01
3.361849999999999909e+03 -3.300690000000000013e-01 -3.128457642827958685e-01
3.361929999999999836e+03 -3.043569999999999887e-01 -2.877889646253950495e-01
3.362000000000000000e+03 -2.772859999999999769e-01 -2.664208606184026440e-01
3.362079999999999927e+03 -2.525700000000000167e-01 -2.430427523108219523e-01
3.362150000000000091e+03 -2.296680000000000110e-01 -2.237061471749498820e-01
3.362230000000000018e+03 -2.056169999999999942e-01 -2.030155500171458294e-01
3.362300000000000182e+03 -1.812300000000000022e-01 -1.861807035077793493e-01
3.362380000000000109e+03 -1.598580000000000001e-01 -1.683779489149561104e-01
3.362449999999999818e+03 -1.427819999999999923e-01 -1.540146999150506790e-01
3.362530000000000200e+03 -1.286470000000000113e-01 -1.389127507082586477e-01
3.362599999999999909e+03 -1.147750000000000020e-01 -1.267753296567969701e-01
3.362679999999999836e+03 -1.007440000000000002e-01 -1.140442343534231739e-01
3.362750000000000000e+03 -9.215579999999999605e-02 -1.038276939978466512e-01
3.362829999999999927e+03 -8.539560000000000206e-02 -9.312265459752085139e-02
3.362900000000000091e+03 -7.508510000000000184e-02 -8.454123571988897412e-02
3.362980000000000018e+03 -6.834400000000000197e-02 -7.556390385364508688e-02
3.363050000000000182e+03 -6.533680000000000043e-02 -6.838649821911382820e-02
3.363130000000000109e+03 -6.187089999999999951e-02 -6.091046178532789901e-02
3.363199999999999818e+03 -5.765139999999999848e-02 -5.497304637140091460e-02
3.363280000000000200e+03 -5.312900000000000261e-02 -4.884923689876807112e-02
3.363349999999999909e+03 -4.851199999999999957e-02 -4.405298769158941946e-02
3.363429999999999836e+03 -4.453689999999999732e-02 -3.920036463927552284e-02
3.363500000000000000e+03 -4.149599999999999816e-02 -3.549707091163507161e-02
3.363579999999999927e+03 -3.637630000000000030e-02 -3.187812904072129250e-02
3.363650000000000091e+03 -3.144070000000000198e-02 -2.924162685281619933e-02
3.363730000000000018e+03 -2.973680000000000073e-02 -2.682182911306143364e-02
3.363800000000000182e+03 -3.040879999999999972e-02 -2.520664669075679473e-02
3.363880000000000109e+03 -3.126330000000000081e-02 -2.390319323611510283e-02
3.363949999999999818e+03 -3.230910000000000032e-02 -2.319990376203085944e-02
3.364030000000000200e+03 -3.320560000000000178e-02 -2.283675105502951802e-02
3.364099999999999909e+03 -3.102699999999999902e-02 -2.284350960578154441e-02
3.364179999999999836e+03 -3.096849999999999950e-02 -2.313774262742227320e-02
3.364250000000000000e+03 -3.417619999999999686e-02 -2.356892773904588692e-02
3.364329999999999927e+03 -3.547379999999999978e-02 -2.416590365032260726e-02
3.364400000000000091e+03 -3.497870000000000146e-02 -2.470311928430326751e-02
3.364480000000000018e+03 -3.532609999999999917e-02 -2.525157973638256920e-02
3.364550000000000182e+03 -3.727219999999999839e-02 -2.561611509855316743e-02
3.364630000000000109e+03 -3.570389999999999675e-02 -2.584770956244939952e-02
3.364699999999999818e+03 -3.257999999999999785e-02 -2.585862330213639995e-02
3.364780000000000200e+03 -3.082920000000000105e-02 -2.563352171908610602e-02
3.364849999999999909e+03 -3.291460000000000219e-02 -2.522625470869060624e-02
3.364929999999999836e+03 -3.867339999999999667e-02 -2.453048398245179923e-02
3.365000000000000000e+03 -3.842140000000000138e-02 -2.373682218433425042e-02
3.365079999999999927e+03 -3.219709999999999933e-02 -2.264515670612616063e-02
3.365150000000000091e+03 -2.848279999999999909e-02 -2.155397579777751024e-02
3.365230000000000018e+03 -2.910760000000000083e-02 -2.018353290224476904e-02
3.365300000000000182e+03 -2.950380000000000016e-02 -1.890292357213722504e-02
3.365380000000000109e+03 -2.845510000000000053e-02 -1.737618711099766372e-02
3.365449999999999818e+03 -2.629990000000000105e-02 -1.600792856628526287e-02
3.365530000000000200e+03 -2.366199999999999901e-02 -1.443162056246111158e-02
3.365599999999999909e+03 -2.306559999999999860e-02 -1.305916356821059353e-02
3.365679999999999836e+03 -2.376500000000000140e-02 -1.151670528760287936e-02
3.365750000000000000e+03 -2.139920000000000017e-02 -1.020282278996970105e-02
3.365829999999999927e+03 -2.002869999999999998e-02 -8.755129503042996530e-03
3.365900000000000091e+03 -2.289280000000000134e-02 -7.544640862853642729e-03
3.365980000000000018e+03 -2.216769999999999852e-02 -6.234562356625490340e-03
3.366050000000000182e+03 -1.547139999999999974e-02 -5.158744827446549476e-03
3.366130000000000109e+03 -1.086419999999999920e-02 -4.016161943542604154e-03
3.366199999999999818e+03 -1.176209999999999929e-02 -3.096950448935578172e-03
3.366280000000000200e+03 -9.742429999999999840e-03 -2.143050421508822714e-03
3.366349999999999909e+03 -5.821810000000000179e-03 -1.396216734916769838e-03
3.366429999999999836e+03 -4.348720000000000363e-03 -6.464355937187359590e-04
3.366500000000000000e+03 -3.332309999999999786e-03 -8.355958434003987398e-05
3.366579999999999927e+03 -4.509499999999999620e-03 4.508206067828307920e-04
3.366650000000000091e+03 -5.164740000000000129e-03 8.214816923535601077e-04
3.366730000000000018e+03 -1.983790000000000033e-03 1.132876956489762069e-03
3.366800000000000182e+03 1.663860000000000079e-03 1.306398681836532828e-03
3.366880000000000109e+03 1.808649999999999971e-03 1.391324824485228994e-03
3.366949999999999818e+03 -1.023320000000000089e-03 1.366741130243096999e-03
3.367030000000000200e+03 -4.412890000000000042e-03 1.226759431783755894e-03
3.367099999999999909e+03 -2.983490000000000100e-03 1.008021513013774694e-03
3.367179999999999836e+03 1.421079999999999913e-03 6.508992603618860527e-04
3.367250000000000000e+03 2.214109999999999982e-04 2.478757750283403817e-04
3.367329999999999927e+03 -4.360469999999999971e-03 -3.113728007391872773e-04
3.367400000000000091e+03 -5.389569999999999778e-03 -8.821425914458443790e-04
3.367480000000000018e+03 -4.157519999999999619e-03 -1.620651639687573607e-03
3.367550000000000182e+03 -4.627580000000000061e-03 -2.335709019860120108e-03
3.367630000000000109e+03 -4.388419999999999647e-03 -3.222852095183992641e-03
3.367699999999999818e+03 -6.029379999999999983e-03 -4.052260545611523213e-03
3.367780000000000200e+03 -9.448450000000000598e-03 -5.050591127996267339e-03
3.367849999999999909e+03 -9.686490000000000725e-03 -5.959142220519155625e-03
3.367929999999999836e+03 -1.010529999999999935e-02 -7.026190167764054251e-03
3.368000000000000000e+03 -1.125460000000000002e-02 -7.975307415539523853e-03
3.368079999999999927e+03 -1.232139999999999971e-02 -9.066073488167410155e-03
3.368150000000000091e+03 -1.484519999999999937e-02 -1.001620856224059650e-02
3.368230000000000018e+03 -1.714299999999999852e-02 -1.108605537883805038e-02
3.368300000000000182e+03 -1.964060000000000111e-02 -1.199926709107605738e-02
3.368380000000000109e+03 -1.877310000000000090e-02 -1.300681944309428802e-02
3.368449999999999818e+03 -1.414009999999999920e-02 -1.384918564412810152e-02
3.368530000000000200e+03 -1.765479999999999827e-02 -1.475884984012551873e-02
3.368599999999999909e+03 -2.513380000000000128e-02 -1.550239693493026330e-02
3.368679999999999836e+03 -2.558639999999999873e-02 -1.628618776556499392e-02
3.368750000000000000e+03 -2.207490000000000147e-02 -1.691012082643926495e-02
3.368829999999999927e+03 -1.970830000000000151e-02 -1.754862180358383178e-02
3.368900000000000091e+03 -2.171230000000000035e-02 -1.803977135540124274e-02
3.368980000000000018e+03 -2.539929999999999966e-02 -1.852221038765509281e-02
3.369050000000000182e+03 -2.570170000000000093e-02 -1.887474419133972070e-02
3.369130000000000109e+03 -2.208279999999999965e-02 -1.919830370968907129e-02
3.369199999999999818e+03 -1.992899999999999880e-02 -1.941285322787754397e-02
3.369280000000000200e+03 -2.001350000000000004e-02 -1.958142385512573122e-02
3.369349999999999909e+03 -1.872220000000000134e-02 -1.966382939725005649e-02
3.369429999999999836e+03 -1.667050000000000129e-02 -1.968645022984453347e-02
3.369500000000000000e+03 -1.270959999999999972e-02 -1.964633547288896498e-02
3.369579999999999927e+03 -9.296830000000000718e-03 -1.953554873864684141e-02
3.369650000000000091e+03 -1.205920000000000082e-02 -1.938490548547215642e-02
3.369730000000000018e+03 -1.444110000000000012e-02 -1.915520530704713578e-02
3.369800000000000182e+03 -1.186000000000000075e-02 -1.890711922574131107e-02
3.369880000000000109e+03 -1.266579999999999963e-02 -1.857361228565570024e-02
3.369949999999999818e+03 -1.412659999999999957e-02 -1.824120546502147611e-02
3.370030000000000200e+03 -1.175000000000000003e-02 -1.781854107042832314e-02
3.370099999999999909e+03 -9.353709999999999455e-03 -1.741415868078571155e-02
3.370179999999999836e+03 -6.430939999999999573e-03 -1.691573673827975396e-02
3.370250000000000000e+03 -4.156039999999999734e-03 -1.645036870055707756e-02
3.370329999999999927e+03 -2.268519999999999998e-03 -1.588780026462055517e-02
3.370400000000000091e+03 1.609500000000000037e-03 -1.537070585024519036e-02
3.370480000000000018e+03 9.540759999999999909e-04 -1.475348170185374411e-02
3.370550000000000182e+03 -3.049420000000000169e-03 -1.419197370571781587e-02
3.370630000000000109e+03 -3.627580000000000041e-03 -1.352728892617762260e-02
3.370699999999999818e+03 -3.435230000000000054e-03 -1.292663141299353440e-02
3.370780000000000200e+03 -5.397909999999999688e-03 -1.221931441203496713e-02
3.370849999999999909e+03 -8.102150000000000671e-03 -1.158269078963863885e-02
3.370929999999999836e+03 -5.668379999999999773e-03 -1.083519023628177515e-02
3.371000000000000000e+03 -2.004770000000000120e-04 -1.016370379877470399e-02
3.371079999999999927e+03 1.738909999999999978e-03 -9.376093640088144221e-03
3.371150000000000091e+03 2.529780000000000136e-03 -8.668768719143144647e-03
3.371230000000000018e+03 1.783960000000000016e-03 -7.838738056708422289e-03
3.371300000000000182e+03 1.524580000000000064e-05 -7.092495200972940422e-03
3.371380000000000109e+03 4.077540000000000157e-03 -6.215295064147812951e-03
3.371449999999999818e+03 9.106790000000000024e-03 -5.424877475763125768e-03
3.371530000000000200e+03 7.078840000000000306e-03 -4.493199860112125424e-03
3.371599999999999909e+03 1.328060000000000048e-03 -3.651030275039355427e-03
3.371679999999999836e+03 -6.089920000000000402e-04 -2.654795915452101869e-03
3.371750000000000000e+03 3.030950000000000137e-03 -1.750743061282920496e-03
3.371829999999999927e+03 5.229400000000000368e-03 -6.767731710572110187e-04
3.371900000000000091e+03 3.584679999999999811e-03 3.021951852901160439e-04
3.371980000000000018e+03 4.988570000000000330e-03 1.470651593220137845e-03
3.372050000000000182e+03 7.372420000000000188e-03 2.540956201752932967e-03
3.372130000000000109e+03 3.627700000000000195e-03 3.824873788171243450e-03
3.372199999999999818e+03 2.132010000000000155e-03 5.006985534414814740e-03
3.372280000000000200e+03 7.408239999999999964e-03 6.432435560828645912e-03
3.372349999999999909e+03 1.003219999999999980e-02 7.751752763576638325e-03
3.372429999999999836e+03 7.048590000000000411e-03 9.351050345044300063e-03
3.372500000000000000e+03 2.098699999999999784e-03 1.083904285134096486e-02
3.372579999999999927e+03 8.816899999999999694e-04 1.265223250109490452e-02
3.372650000000000091e+03 3.330560000000000204e-03 1.434791307350710698e-02
3.372730000000000018e+03 2.889800000000000094e-03 1.642466586878166268e-02
3.372800000000000182e+03 3.149509999999999896e-03 1.837645515045712233e-02
3.372880000000000109e+03 6.463759999999999818e-03 2.077845257308725754e-02
3.372949999999999818e+03 9.582860000000000336e-03 2.304649852787244227e-02
3.373030000000000200e+03 1.309229999999999942e-02 2.585035948564414626e-02
3.373099999999999909e+03 1.396990000000000037e-02 2.850933974802805429e-02
3.373179999999999836e+03 1.248450000000000081e-02 3.181008246837387782e-02
3.373250000000000000e+03 1.512609999999999996e-02 3.495242625690628269e-02
3.373329999999999927e+03 2.097150000000000056e-02 3.886729361516181452e-02
3.373400000000000091e+03 2.575380000000000030e-02 4.260654496964298710e-02
3.373480000000000018e+03 2.967399999999999899e-02 4.727865860498947637e-02
3.373550000000000182e+03 3.242130000000000012e-02 5.175224148869946722e-02
3.373630000000000109e+03 3.658929999999999821e-02 5.735279292723406697e-02
3.373699999999999818e+03 4.485080000000000316e-02 6.272250019834126056e-02
3.373780000000000200e+03 5.739230000000000026e-02 6.944867991630430948e-02
3.373849999999999909e+03 6.982460000000000055e-02 7.589537833864223870e-02
3.373929999999999836e+03 7.725990000000000635e-02 8.395836910556070398e-02
3.374000000000000000e+03 8.447609999999999841e-02 9.166400631449866943e-02
3.374079999999999927e+03 9.279339999999999811e-02 1.012561704204709007e-01
3.374150000000000091e+03 1.023919999999999969e-01 1.103602298500090118e-01
3.374230000000000018e+03 1.199670000000000042e-01 1.215819856621243450e-01
3.374300000000000182e+03 1.422970000000000068e-01 1.320902966539145851e-01
3.374380000000000109e+03 1.591370000000000007e-01 1.448050249334477679e-01
3.374449999999999818e+03 1.700730000000000020e-01 1.564177566339952086e-01
3.374530000000000200e+03 1.825009999999999966e-01 1.699925240417533012e-01
3.374599999999999909e+03 1.991769999999999929e-01 1.818150247111604556e-01
3.374679999999999836e+03 2.153629999999999989e-01 1.947169917166546860e-01
3.374750000000000000e+03 2.256279999999999952e-01 2.048530153188554970e-01
3.374829999999999927e+03 2.295669999999999933e-01 2.141609784953699691e-01
3.374900000000000091e+03 2.296709999999999863e-01 2.193289249063158086e-01
3.374980000000000018e+03 2.272500000000000075e-01 2.204746989236664179e-01
3.375050000000000182e+03 2.192769999999999997e-01 2.160983172511713180e-01
3.375130000000000109e+03 1.982679999999999998e-01 2.035717707181074199e-01
3.375199999999999818e+03 1.705190000000000039e-01 1.851250633398972556e-01
3.375280000000000200e+03 1.450289999999999913e-01 1.549898122819271529e-01
3.375349999999999909e+03 1.149529999999999996e-01 1.209850081707634500e-01
3.375429999999999836e+03 7.754830000000000056e-02 7.474257805185478831e-02
3.375500000000000000e+03 3.736149999999999888e-02 2.978250956560804519e-02
3.375579999999999927e+03 -9.758780000000000102e-04 -2.364680812604361484e-02
3.375650000000000091e+03 -3.654170000000000335e-02 -6.932464767726148613e-02
3.375730000000000018e+03 -7.209369999999999667e-02 -1.170802768169910968e-01
3.375800000000000182e+03 -1.068439999999999945e-01 -1.528306727670272203e-01
3.375880000000000109e+03 -1.387720000000000065e-01 -1.851840024761085279e-01
3.375949999999999818e+03 -1.636259999999999937e-01 -2.055635172379348674e-01
3.376030000000000200e+03 -1.819689999999999919e-01 -2.201013849147963886e-01
3.376099999999999909e+03 -1.962230000000000085e-01 -2.259655417783893172e-01
3.376179999999999836e+03 -2.038889999999999869e-01 -2.261569642043919359e-01
3.376250000000000000e+03 -2.091449999999999976e-01 -2.218411579858460825e-01
3.376329999999999927e+03 -2.114679999999999893e-01 -2.131769570738234199e-01
3.376400000000000091e+03 -2.067209999999999881e-01 -2.033575431696169333e-01
3.376480000000000018e+03 -1.998860000000000081e-01 -1.905906101074184567e-01
3.376550000000000182e+03 -1.915979999999999905e-01 -1.787314951387235229e-01
3.376630000000000109e+03 -1.793899999999999939e-01 -1.649831808369910113e-01
3.376699999999999818e+03 -1.616319999999999979e-01 -1.531341062332753078e-01
3.376780000000000200e+03 -1.439300000000000024e-01 -1.400811567431452243e-01
3.376849999999999909e+03 -1.327379999999999949e-01 -1.292349527495638140e-01
3.376929999999999836e+03 -1.212929999999999980e-01 -1.175941047382512011e-01
3.377000000000000000e+03 -1.077130000000000032e-01 -1.081030645485900332e-01
3.377079999999999927e+03 -9.704790000000000638e-02 -9.805202287338370126e-02
3.377150000000000091e+03 -8.674990000000000478e-02 -8.993357508263716271e-02
3.377230000000000018e+03 -7.468760000000000676e-02 -8.138789289963684059e-02
3.377300000000000182e+03 -6.497890000000000610e-02 -7.450991657570976701e-02
3.377380000000000109e+03 -5.490790000000000254e-02 -6.728064559653906818e-02
3.377449999999999818e+03 -4.620880000000000126e-02 -6.146151089154817254e-02
3.377530000000000200e+03 -4.187439999999999912e-02 -5.533642698024242301e-02
3.377599999999999909e+03 -3.789270000000000138e-02 -5.039427384951960381e-02
3.377679999999999836e+03 -3.372909999999999797e-02 -4.517615570418917481e-02
3.377750000000000000e+03 -3.029350000000000098e-02 -4.095106008676205334e-02
3.377829999999999927e+03 -2.672300000000000023e-02 -3.647411158999211422e-02
3.377900000000000091e+03 -2.121249999999999872e-02 -3.283716700928107635e-02
3.377980000000000018e+03 -1.866080000000000169e-02 -2.897354105493925996e-02
3.378050000000000182e+03 -2.051170000000000077e-02 -2.583049940787585791e-02
3.378130000000000109e+03 -1.937480000000000105e-02 -2.249316851267076783e-02
3.378199999999999818e+03 -1.412069999999999992e-02 -1.978639339080913787e-02
3.378280000000000200e+03 -1.142349999999999963e-02 -1.693109754028106553e-02
3.378349999999999909e+03 -1.103679999999999939e-02 -1.464106841128375892e-02
3.378429999999999836e+03 -9.249359999999999873e-03 -1.226757959835049136e-02
3.378500000000000000e+03 -8.023469999999999561e-03 -1.041317294332632162e-02
3.378579999999999927e+03 -5.957819999999999956e-03 -8.563875884344117340e-03
3.378650000000000091e+03 -5.979469999999999751e-03 -7.198705629753878940e-03
3.378730000000000018e+03 -9.710339999999999597e-03 -5.950364628258481350e-03
3.378800000000000182e+03 -1.064219999999999923e-02 -5.150866204952737545e-03
3.378880000000000109e+03 -8.985270000000000062e-03 -4.594318315693101014e-03
3.378949999999999818e+03 -6.893980000000000073e-03 -4.435353634401284495e-03
3.379030000000000200e+03 -4.774399999999999825e-03 -4.639890309431610356e-03
3.379099999999999909e+03 -4.611539999999999910e-03 -5.157650398819130233e-03
3.379179999999999836e+03 -6.349259999999999800e-03 -6.124377667085496510e-03
3.379250000000000000e+03 -3.558509999999999972e-03 -7.275405995906472287e-03
3.379329999999999927e+03 -7.748180000000000345e-04 -8.895986733779477976e-03
3.379400000000000091e+03 -5.175600000000000252e-04 -1.053153869979940767e-02
3.379480000000000018e+03 2.901480000000000118e-03 -1.257731431606678128e-02
3.379550000000000182e+03 2.080209999999999872e-03 -1.445404307579945327e-02
3.379630000000000109e+03 -6.475400000000000513e-04 -1.661320126677946069e-02
3.379699999999999818e+03 -1.337330000000000072e-03 -1.844575644268804659e-02
3.379780000000000200e+03 -5.052380000000000412e-03 -2.040018009136871507e-02
3.379849999999999909e+03 -6.348109999999999691e-03 -2.193517717852046939e-02
3.379929999999999836e+03 -3.620659999999999937e-03 -2.344171498996129241e-02
3.380000000000000000e+03 -3.462409999999999967e-03 -2.451735373525011988e-02
3.380079999999999927e+03 -2.449660000000000205e-03 -2.545513623421388066e-02
3.380150000000000091e+03 1.860639999999999994e-03 -2.602119723357961337e-02
3.380230000000000018e+03 5.414719999999999603e-03 -2.639036199127636068e-02
3.380300000000000182e+03 8.031649999999999553e-03 -2.648917516648497533e-02
3.380380000000000109e+03 7.398110000000000276e-03 -2.637464954611106957e-02
3.380449999999999818e+03 2.918179999999999819e-03 -2.610240544129357673e-02
3.380530000000000200e+03 -5.522310000000000326e-04 -2.562794099157646513e-02
3.380599999999999909e+03 -1.471450000000000015e-04 -2.509705800100431664e-02
3.380679999999999836e+03 0.000000000000000000e+00 -2.438841877085813278e-02
3.380750000000000000e+03 -3.384480000000000040e-03 -2.370210150048935108e-02
3.380829999999999927e+03 -5.071179999999999785e-03 -2.286600244515608893e-02
3.380900000000000091e+03 -1.585800000000000057e-03 -2.210628047019115583e-02
3.380980000000000018e+03 2.752730000000000107e-03 -2.122292960011801927e-02
3.381050000000000182e+03 3.547820000000000140e-03 -2.044840654487592099e-02
3.381130000000000109e+03 3.551420000000000011e-03 -1.957245484627295057e-02
3.381199999999999818e+03 4.191529999999999735e-03 -1.882121371003370874e-02
3.381280000000000200e+03 3.479830000000000163e-03 -1.798646376047498968e-02
3.381349999999999909e+03 1.798689999999999924e-03 -1.728077472087695757e-02
3.381429999999999836e+03 1.458340000000000027e-03 -1.650569703349913722e-02
3.381500000000000000e+03 2.470550000000000176e-03 -1.585666492461651478e-02
3.381579999999999927e+03 3.011100000000000061e-03 -1.514928810525079800e-02
3.381650000000000091e+03 8.359010000000000051e-04 -1.456066881873919854e-02
3.381730000000000018e+03 -1.393380000000000053e-03 -1.392237294745567698e-02
3.381800000000000182e+03 9.754530000000000405e-04 -1.339340242015230747e-02
3.381880000000000109e+03 3.276349999999999922e-03 -1.282162923406100601e-02
3.381949999999999818e+03 4.502120000000000080e-03 -1.234898162325090420e-02
3.382030000000000200e+03 4.436070000000000291e-03 -1.183905945731060852e-02
3.382099999999999909e+03 -9.393729999999999658e-04 -1.141813257713948648e-02
3.382179999999999836e+03 -5.703429999999999785e-03 -1.096444599416706439e-02
3.382250000000000000e+03 -6.138399999999999586e-03 -1.059016560536525306e-02
3.382329999999999927e+03 -4.889819999999999584e-03 -1.018686930084151086e-02
3.382400000000000091e+03 -2.175499999999999916e-03 -9.854166758389527533e-03
3.382480000000000018e+03 -7.650400000000000342e-04 -9.495596466386179921e-03
3.382550000000000182e+03 -2.207349999999999850e-03 -9.199673297307805336e-03
3.382630000000000109e+03 -3.049029999999999883e-03 -8.880562516568147463e-03
3.382699999999999818e+03 -1.311010000000000040e-03 -8.617020809057766503e-03
3.382780000000000200e+03 -2.283389999999999834e-05 -8.332597360732413305e-03
3.382849999999999909e+03 -9.149530000000000336e-04 -8.097488651299718926e-03
3.382929999999999836e+03 -2.309449999999999784e-03 -7.843499732563700977e-03
3.383000000000000000e+03 -2.647239999999999923e-03 -7.633326540695633405e-03
3.383079999999999927e+03 -3.079569999999999790e-03 -7.406023402189432225e-03
3.383150000000000091e+03 -1.533590000000000040e-03 -7.217714976187112122e-03
3.383230000000000018e+03 4.099710000000000333e-03 -7.013816629319829729e-03
3.383300000000000182e+03 5.431759999999999887e-03 -6.844692167418217621e-03
3.383380000000000109e+03 6.310470000000000315e-04 -6.661339888248709457e-03
3.383449999999999818e+03 -2.601140000000000049e-03 -6.509067148324169244e-03
3.383530000000000200e+03 -1.570020000000000096e-03 -6.343776668321575787e-03
3.383599999999999909e+03 -3.643340000000000120e-04 -6.206330496636786737e-03
3.383679999999999836e+03 -5.234390000000000006e-04 -6.056945716840053673e-03
3.383750000000000000e+03 7.069230000000000349e-04 -5.932568928680456363e-03
3.383829999999999927e+03 1.089750000000000007e-03 -5.797219119791443415e-03
3.383900000000000091e+03 -3.199599999999999927e-04 -5.684386892396990111e-03
3.383980000000000018e+03 -4.382310000000000372e-03 -5.561448221273639254e-03
3.384050000000000182e+03 -7.789710000000000037e-03 -5.458836409104071696e-03
3.384130000000000109e+03 -5.413020000000000158e-03 -5.346897982287576560e-03
3.384199999999999818e+03 -4.082589999999999657e-03 -5.253355339843456678e-03
3.384280000000000200e+03 -3.036720000000000131e-03 -5.151189597221238203e-03
3.384349999999999909e+03 2.389760000000000105e-04 -5.065713669539534392e-03
3.384429999999999836e+03 -1.284739999999999927e-03 -4.972250781331857827e-03
3.384500000000000000e+03 -4.406990000000000386e-03 -4.893967117301794081e-03
3.384579999999999927e+03 -2.763149999999999808e-03 -4.808272963109615217e-03
3.384650000000000091e+03 -2.448169999999999947e-03 -4.736417271987529432e-03
3.384730000000000018e+03 -5.609679999999999701e-03 -4.657674566762895832e-03
3.384800000000000182e+03 -6.533090000000000078e-03 -4.591577442885663371e-03
3.384880000000000109e+03 -9.327759999999999177e-03 -4.519069593704803760e-03
3.384949999999999818e+03 -1.360429999999999973e-02 -4.458143459596286724e-03
3.385030000000000200e+03 -1.176390000000000075e-02 -4.391240772426138056e-03
3.385099999999999909e+03 -7.679059999999999706e-03 -4.334968724997765623e-03
3.385179999999999836e+03 -5.631439999999999710e-03 -4.273116622366473008e-03
3.385250000000000000e+03 -4.062650000000000115e-03 -4.221042904241208323e-03
3.385329999999999927e+03 -4.464110000000000300e-03 -4.163751857256731137e-03
3.385400000000000091e+03 -5.273639999999999578e-03 -4.115473711736846243e-03
3.385480000000000018e+03 -4.126359999999999924e-03 -4.062310630261363464e-03
3.385550000000000182e+03 -3.378369999999999897e-03 -4.017471332274293039e-03
3.385630000000000109e+03 -2.940780000000000043e-03 -3.968052193754949275e-03
3.385699999999999818e+03 -4.414839999999999737e-03 -3.926335079429165917e-03
3.385780000000000200e+03 -7.688819999999999856e-03 -3.880318609416339229e-03
3.385849999999999909e+03 -8.452619999999999231e-03 -3.841441953533411210e-03
3.385929999999999836e+03 -6.888670000000000383e-03 -3.798524199233860917e-03
3.386000000000000000e+03 -5.393430000000000273e-03 -3.762236812818334740e-03
3.386079999999999927e+03 -4.485900000000000130e-03 -3.722146475387235615e-03
3.386150000000000091e+03 -1.963540000000000164e-03 -3.688223915397612768e-03
3.386230000000000018e+03 -1.167779999999999990e-03 -3.650718327468850926e-03
3.386300000000000182e+03 -4.560810000000000211e-03 -3.618959627314284437e-03
3.386380000000000109e+03 -5.980830000000000347e-03 -3.583821279892862414e-03
3.386449999999999818e+03 -1.835360000000000073e-03 -3.554046123691765972e-03
3.386530000000000200e+03 1.764100000000000000e-03 -3.521079661438136776e-03
3.386599999999999909e+03 2.406909999999999898e-04 -3.493125936902100742e-03
3.386679999999999836e+03 -2.772110000000000264e-04 -3.462155553396474659e-03
3.386750000000000000e+03 4.310860000000000126e-04 -3.435877228308282377e-03
3.386829999999999927e+03 -1.885680000000000038e-03 -3.406744403447365972e-03
3.386900000000000091e+03 -2.951290000000000077e-03 -3.382009679177750555e-03
3.386980000000000018e+03 1.095389999999999905e-03 -3.354571209748695177e-03
3.387050000000000182e+03 3.284259999999999784e-03 -3.331260912384743228e-03
3.387130000000000109e+03 -5.803439999999999988e-04 -3.305387194324013820e-03
3.387199999999999818e+03 -1.754549999999999903e-03 -3.283393369976800400e-03
3.387280000000000200e+03 1.514560000000000082e-04 -3.258966897105826117e-03
3.387349999999999909e+03 2.721749999999999886e-04 -3.238191583001102762e-03
3.387429999999999836e+03 -7.057149999999999881e-04 -3.215105632313944480e-03
3.387500000000000000e+03 -4.065009999999999978e-03 -3.195459779514297615e-03
3.387579999999999927e+03 -7.662320000000000242e-03 -3.173617257538872277e-03
3.387650000000000091e+03 -8.397770000000000581e-03 -3.155019784716834707e-03
3.387730000000000018e+03 -5.015669999999999851e-03 -3.134332213226462618e-03
3.387800000000000182e+03 -1.426469999999999995e-03 -3.116709173922336228e-03
3.387880000000000109e+03 -1.546859999999999945e-03 -3.097095796434926919e-03
3.387949999999999818e+03 -3.070489999999999938e-03 -3.080379644780619364e-03
3.388030000000000200e+03 -3.663589999999999989e-03 -3.061766637961046457e-03
3.388099999999999909e+03 -1.330349999999999892e-03 -3.045895580001995936e-03
3.388179999999999836e+03 1.620569999999999997e-03 -3.028215356347765865e-03
3.388250000000000000e+03 2.483529999999999852e-03 -3.013132775921546595e-03
3.388329999999999927e+03 -4.326380000000000004e-04 -2.996323366029949795e-03
3.388400000000000091e+03 -4.866139999999999702e-03 -2.981977315706318965e-03
3.388480000000000018e+03 -4.216199999999999809e-03 -2.965981820055698173e-03
3.388550000000000182e+03 -1.103140000000000067e-03 -2.952324568958716606e-03
3.388630000000000109e+03 0.000000000000000000e+00 -2.937090670520086343e-03
3.388699999999999818e+03 -2.348279999999999953e-04 -2.924078301974637230e-03
3.388780000000000200e+03 -6.614700000000000484e-04 -2.909557832154277459e-03
3.388849999999999909e+03 -1.820640000000000105e-03 -2.897149885052906302e-03
3.388929999999999836e+03 -5.544570000000000401e-03 -2.883298436475685740e-03
3.389000000000000000e+03 -7.357559999999999968e-03 -2.871457585079975790e-03
3.389079999999999927e+03 -3.350010000000000054e-03 -2.858234165584711169e-03
3.389150000000000091e+03 1.038859999999999957e-03 -2.846925933172950087e-03
3.389230000000000018e+03 3.983399999999999788e-03 -2.834292656133515984e-03
3.389300000000000182e+03 5.406489999999999907e-03 -2.823485158505829699e-03
