3.320000000000000000e+03 7.567169999999999799e-03 -1.044694613659780417e-03
3.320079999999999927e+03 3.501719999999999833e-03 -1.035734860990087779e-03
3.320150000000000091e+03 4.115040000000000364e-03 -1.027667066209009966e-03
3.320230000000000018e+03 1.038290000000000046e-02 -1.018176104582810054e-03
3.320300000000000182e+03 1.073649999999999952e-02 -1.009625926604809697e-03
3.320380000000000109e+03 5.114660000000000040e-03 -9.995626349626222582e-04
3.320449999999999818e+03 2.959530000000000147e-03 -9.904924253608597511e-04
3.320530000000000200e+03 2.276820000000000146e-03 -9.798117647562029457e-04
3.320599999999999909e+03 -3.177119999999999857e-03 -9.701802591076183480e-04
3.320679999999999836e+03 -6.715519999999999996e-03 -9.588328295030423831e-04
3.320750000000000000e+03 -4.008639999999999946e-03 -9.485947350593886603e-04
3.320829999999999927e+03 -1.501299999999999900e-03 -9.365262740135148114e-04
3.320900000000000091e+03 -5.331220000000000230e-04 -9.256318028807691400e-04
3.320980000000000018e+03 -1.616459999999999902e-03 -9.127826174507639150e-04
3.321050000000000182e+03 -2.345600000000000202e-03 -9.011769570750470960e-04
3.321130000000000109e+03 -9.760969999999999890e-04 -8.874812788009679579e-04
3.321199999999999818e+03 -2.661590000000000136e-03 -8.751039901730692022e-04
3.321280000000000200e+03 -4.026649999999999674e-03 -8.604892412843171594e-04
3.321349999999999909e+03 -2.296470000000000108e-03 -8.472735736257429925e-04
3.321429999999999836e+03 0.000000000000000000e+00 -8.316595305552739771e-04
3.321500000000000000e+03 2.326920000000000117e-03 -8.175316392876848855e-04
3.321579999999999927e+03 2.017989999999999888e-03 -8.008294771276044336e-04
3.321650000000000091e+03 -8.308249999999999880e-04 -7.857075295829047280e-04
3.321730000000000018e+03 -6.808250000000000066e-03 -7.678187281880587611e-04
3.321800000000000182e+03 -1.072279999999999935e-02 -7.516118787103833300e-04
3.321880000000000109e+03 -8.916010000000000255e-03 -7.324269676408812647e-04
3.321949999999999818e+03 -8.359609999999999957e-03 -7.150341803644171121e-04
3.322030000000000200e+03 -8.571550000000000696e-03 -6.944312956363546093e-04
3.322099999999999909e+03 -6.014509999999999822e-03 -6.757399891652427328e-04
3.322179999999999836e+03 -1.859839999999999974e-03 -6.535832096871261763e-04
3.322250000000000000e+03 -1.855199999999999991e-03 -6.334676930086284271e-04
3.322329999999999927e+03 -7.951939999999999356e-03 -6.096051184212990682e-04
3.322400000000000091e+03 -1.190790000000000078e-02 -5.879247814514142970e-04
3.322480000000000018e+03 -6.610460000000000294e-03 -5.621863056255612095e-04
3.322550000000000182e+03 0.000000000000000000e+00 -5.387835205824527234e-04
3.322630000000000109e+03 5.064069999999999509e-04 -5.109782459386726788e-04
3.322699999999999818e+03 -2.863010000000000034e-03 -4.856759269640556183e-04
3.322780000000000200e+03 -6.348930000000000025e-03 -4.555891536956245373e-04
3.322849999999999909e+03 -9.083030000000000617e-03 -4.281879114130049749e-04
3.322929999999999836e+03 -1.304450000000000054e-02 -3.955776221179513764e-04
3.323000000000000000e+03 -1.156639999999999925e-02 -3.658524366632806817e-04
3.323079999999999927e+03 -3.180619999999999888e-03 -3.304451802157689147e-04
3.323150000000000091e+03 1.811069999999999911e-03 -2.981415000867771413e-04
3.323230000000000018e+03 -2.940789999999999984e-03 -2.596275580350711817e-04
3.323300000000000182e+03 -5.739250000000000428e-03 -2.244567121215924280e-04
3.323380000000000109e+03 1.681150000000000125e-04 -1.824844054819526034e-04
3.323449999999999818e+03 3.541050000000000014e-03 -1.441181908867401624e-04
3.323530000000000200e+03 3.365429999999999984e-03 -9.828715367033477417e-05
3.323599999999999909e+03 1.724950000000000051e-03 -5.635143115035007137e-05
3.323679999999999836e+03 -6.306880000000000168e-04 -6.204637687006169661e-06
3.323750000000000000e+03 -2.111850000000000185e-03 3.972827184591529517e-05
3.323829999999999927e+03 -5.610739999999999478e-04 9.471398781516100762e-05
3.323900000000000091e+03 4.414819999999999856e-03 1.451343603742127810e-04
3.323980000000000018e+03 6.100689999999999759e-03 2.055596184285988191e-04
3.324050000000000182e+03 5.465560000000000383e-03 2.610311526683572331e-04
3.324130000000000109e+03 7.319799999999999571e-03 3.275875713849827914e-04
3.324199999999999818e+03 8.621669999999999681e-03 3.887603742054903094e-04
3.324280000000000200e+03 3.962369999999999781e-03 4.622468488524416035e-04
3.324349999999999909e+03 -9.945749999999999296e-04 5.298730686077038690e-04
3.324429999999999836e+03 4.446740000000000241e-03 6.112154041408067798e-04
3.324500000000000000e+03 8.718709999999999308e-03 6.861681217058394379e-04
3.324579999999999927e+03 6.143469999999999834e-03 7.764428024583441487e-04
3.324650000000000091e+03 5.759260000000000421e-03 8.597389466465802169e-04
3.324730000000000018e+03 2.390039999999999960e-03 9.602020259854657930e-04
3.324800000000000182e+03 -1.888630000000000083e-03 1.053030279664982517e-03
3.324880000000000109e+03 -5.522119999999999503e-04 1.165152631594118613e-03
3.324949999999999818e+03 4.810049999999999742e-03 1.268907551314585238e-03
3.325030000000000200e+03 4.791069999999999704e-03 1.394418058463334567e-03
3.325099999999999909e+03 0.000000000000000000e+00 1.510741960484727250e-03
3.325179999999999836e+03 -1.340210000000000099e-03 1.651680641339643707e-03
3.325250000000000000e+03 -3.883010000000000107e-03 1.782515232761641699e-03
3.325329999999999927e+03 -4.054269999999999576e-03 1.941298864267370500e-03
3.325400000000000091e+03 -9.498659999999999482e-04 2.088949148308738655e-03
3.325480000000000018e+03 -2.121109999999999836e-03 2.268452655406279824e-03
3.325550000000000182e+03 -6.024869999999999878e-03 2.435666351827837656e-03
3.325630000000000109e+03 -8.729550000000000851e-03 2.639324161100145994e-03
3.325699999999999818e+03 -6.643679999999999898e-03 2.829390803459683971e-03
3.325780000000000200e+03 -2.952269999999999894e-03 3.061323554080998873e-03
3.325849999999999909e+03 0.000000000000000000e+00 3.278198613719981048e-03
3.325929999999999836e+03 3.639410000000000041e-03 3.543372159362719129e-03
3.326000000000000000e+03 4.402119999999999818e-03 3.791833072166455199e-03
3.326079999999999927e+03 7.512109999999999795e-03 4.096258678750366866e-03
3.326150000000000091e+03 1.002229999999999961e-02 4.382101594048639498e-03
3.326230000000000018e+03 4.244839999999999725e-03 4.733088731837751736e-03
3.326300000000000182e+03 -1.894110000000000064e-03 5.063377240618293501e-03
3.326380000000000109e+03 -2.365959999999999851e-03 5.469853462986501783e-03
3.326449999999999818e+03 2.829939999999999973e-03 5.853233543994808621e-03
3.326530000000000200e+03 7.106000000000000337e-03 6.326149657051185690e-03
3.326599999999999909e+03 7.292850000000000027e-03 6.773248566514443805e-03
3.326679999999999836e+03 4.471329999999999923e-03 7.326091483954055503e-03
3.326750000000000000e+03 3.306170000000000202e-03 7.850022058552738949e-03
3.326829999999999927e+03 1.024470000000000068e-02 8.499461903854187497e-03
3.326900000000000091e+03 1.570859999999999965e-02 9.116457034976226462e-03
3.326980000000000018e+03 1.193269999999999921e-02 9.883157927600314321e-03
3.327050000000000182e+03 6.316869999999999603e-03 1.061336111839800318e-02
3.327130000000000109e+03 6.965210000000000325e-03 1.152298381284830656e-02
3.327199999999999818e+03 9.443379999999999483e-03 1.239141711247013222e-02
3.327280000000000200e+03 8.271870000000000611e-03 1.347583024176971130e-02
3.327349999999999909e+03 3.840479999999999849e-03 1.451354295424991600e-02
3.327429999999999836e+03 1.780929999999999905e-04 1.581222586138021288e-02
3.327500000000000000e+03 3.813469999999999794e-03 1.705758120795434346e-02
3.327579999999999927e+03 1.045130000000000017e-02 1.861912109599402759e-02
3.327650000000000091e+03 1.297839999999999931e-02 2.011907406527015801e-02
3.327730000000000018e+03 1.174809999999999917e-02 2.200248684815040920e-02
3.327800000000000182e+03 1.212569999999999967e-02 2.381348873541513228e-02
3.327880000000000109e+03 1.621420000000000153e-02 2.608873897958839672e-02
3.327949999999999818e+03 2.114749999999999963e-02 2.827646914408456918e-02
3.328030000000000200e+03 2.559780000000000041e-02 3.102287193568610546e-02
3.328099999999999909e+03 2.810759999999999995e-02 3.365916382977249960e-02
3.328179999999999836e+03 2.876010000000000025e-02 3.695905443508935156e-02
3.328250000000000000e+03 3.188959999999999712e-02 4.011286226679946360e-02
3.328329999999999927e+03 3.981690000000000229e-02 4.403562877368244477e-02
3.328400000000000091e+03 4.886560000000000209e-02 4.775230343303095426e-02
3.328480000000000018e+03 5.376210000000000017e-02 5.232020823327571818e-02
3.328550000000000182e+03 5.759859999999999980e-02 5.657953770290527484e-02
3.328630000000000109e+03 6.458999999999999464e-02 6.170196565895903068e-02
3.328699999999999818e+03 7.362219999999999875e-02 6.634143341714540676e-02
3.328780000000000200e+03 8.418950000000000045e-02 7.170123770807615426e-02
3.328849999999999909e+03 9.171669999999999823e-02 7.629187452224076016e-02
3.328929999999999836e+03 9.590709999999999513e-02 8.117673219502530291e-02
3.329000000000000000e+03 9.681240000000000678e-02 8.485941391072214512e-02
3.329079999999999927e+03 9.537779999999999869e-02 8.797698294979021394e-02
3.329150000000000091e+03 9.521759999999999946e-02 8.933454220420941616e-02
3.329230000000000018e+03 9.088000000000000245e-02 8.876512348940406028e-02
3.329300000000000182e+03 8.438959999999999517e-02 8.593635244855103716e-02
3.329380000000000109e+03 8.051560000000000661e-02 7.953572392664691459e-02
3.329449999999999818e+03 6.973079999999999556e-02 7.087532391590259384e-02
3.329530000000000200e+03 5.640370000000000106e-02 5.740604598717666263e-02
3.329599999999999909e+03 4.563799999999999801e-02 4.273338313490860491e-02
3.329679999999999836e+03 2.952250000000000013e-02 2.334985136037207032e-02
3.329750000000000000e+03 1.262019999999999982e-02 4.977916225860927815e-03
3.329829999999999927e+03 -7.236320000000000079e-03 -1.634658042020803795e-02
3.329900000000000091e+03 -2.708609999999999837e-02 -3.417172762904599481e-02
3.329980000000000018e+03 -4.314130000000000048e-02 -5.239991308018692590e-02
3.330050000000000182e+03 -6.168880000000000197e-02 -6.573474522492674110e-02
3.330130000000000109e+03 -7.311479999999999368e-02 -7.749433255835190548e-02
3.330199999999999818e+03 -7.460819999999999952e-02 -8.465297518447631453e-02
3.330280000000000200e+03 -7.437850000000000017e-02 -8.947309121748371619e-02
3.330349999999999909e+03 -7.685259999999999314e-02 -9.111363392374742520e-02
3.330429999999999836e+03 -8.031050000000000688e-02 -9.058861884617382121e-02
3.330500000000000000e+03 -8.017739999999999589e-02 -8.850547807770739461e-02
3.330579999999999927e+03 -7.897079999999999378e-02 -8.479990181633323409e-02
3.330650000000000091e+03 -7.631419999999999870e-02 -8.078236761550870726e-02
3.330730000000000018e+03 -6.870660000000000656e-02 -7.567843578351778067e-02
3.330800000000000182e+03 -5.948590000000000128e-02 -7.100581705690990619e-02
3.330880000000000109e+03 -5.401310000000000139e-02 -6.564269690418711445e-02
3.330949999999999818e+03 -5.267360000000000098e-02 -6.105527226981571909e-02
3.331030000000000200e+03 -5.194669999999999843e-02 -5.603243710809791694e-02
3.331099999999999909e+03 -4.608299999999999896e-02 -5.188098834035728690e-02
3.331179999999999836e+03 -3.823030000000000178e-02 -4.744751232703493110e-02
3.331250000000000000e+03 -2.956320000000000128e-02 -4.385076835563588016e-02
3.331329999999999927e+03 -2.253509999999999888e-02 -4.006162665040152726e-02
3.331400000000000091e+03 -2.553240000000000023e-02 -3.701841318893073218e-02
3.331480000000000018e+03 -2.600970000000000018e-02 -3.383524775249141525e-02
3.331550000000000182e+03 -1.889139999999999917e-02 -3.129150223984505236e-02
3.331630000000000109e+03 -1.368849999999999928e-02 -2.863930982971164829e-02
3.331699999999999818e+03 -1.273889999999999918e-02 -2.652382238774397133e-02
3.331780000000000200e+03 -1.581460000000000157e-02 -2.431971593611273463e-02
3.331849999999999909e+03 -1.796210000000000168e-02 -2.256132784843735070e-02
3.331929999999999836e+03 -1.571789999999999993e-02 -2.072756054026851646e-02
3.332000000000000000e+03 -1.392780000000000060e-02 -1.926235333660790416e-02
3.332079999999999927e+03 -1.566079999999999903e-02 -1.773116272121590814e-02
3.332150000000000091e+03 -1.320739999999999935e-02 -1.650463449112991865e-02
3.332230000000000018e+03 -5.945660000000000181e-03 -1.521914590367556656e-02
3.332300000000000182e+03 -4.287759999999999835e-03 -1.418608028281678757e-02
3.332380000000000109e+03 -5.886060000000000250e-03 -1.309949725253725487e-02
3.332449999999999818e+03 -4.649939999999999976e-03 -1.222290739436426334e-02
3.332530000000000200e+03 -4.735879999999999604e-03 -1.129709628832236377e-02
3.332599999999999909e+03 -6.407679999999999799e-03 -1.054691043357726919e-02
3.332679999999999836e+03 -4.622030000000000062e-03 -9.750894967264295971e-03
3.332750000000000000e+03 -4.578459999999999800e-04 -9.102680471535732482e-03
3.332829999999999927e+03 -3.365439999999999925e-03 -8.411262261294794040e-03
3.332900000000000091e+03 -9.748200000000000268e-03 -7.845101724638722449e-03
3.332980000000000018e+03 -9.007100000000000523e-03 -7.237678065405291419e-03
3.333050000000000182e+03 -8.139220000000000829e-03 -6.737224915610443357e-03
3.333130000000000109e+03 -8.579939999999999442e-03 -6.196808982944406255e-03
3.333199999999999818e+03 -6.548909999999999801e-03 -5.748512374686308782e-03
3.333280000000000200e+03 -2.933840000000000059e-03 -5.260934204888840365e-03
3.333349999999999909e+03 5.652289999999999918e-04 -4.853409341716066402e-03
3.333429999999999836e+03 6.844789999999999902e-05 -4.406667728079925739e-03
3.333500000000000000e+03 -1.507010000000000034e-03 -4.030184957272420210e-03
3.333579999999999927e+03 -3.401490000000000069e-03 -3.613920530002102168e-03
3.333650000000000091e+03 -7.815380000000000243e-03 -3.259988512001018527e-03
3.333730000000000018e+03 -1.073889999999999914e-02 -2.865051760682243293e-03
3.333800000000000182e+03 -1.185019999999999997e-02 -2.526073705539681573e-03
3.333880000000000109e+03 -1.015469999999999914e-02 -2.144166290531119862e-03
3.333949999999999818e+03 -4.644930000000000239e-03 -1.813152414408300810e-03
3.334030000000000200e+03 -1.703599999999999993e-03 -1.436524930541119207e-03
3.334099999999999909e+03 -1.565070000000000003e-03 -1.106848533493585800e-03
3.334179999999999836e+03 -1.885390000000000026e-03 -7.280428212016131460e-04
3.334250000000000000e+03 0.000000000000000000e+00 -3.932318470412708537e-04
3.334329999999999927e+03 5.672970000000000269e-03 -4.861349514360697316e-06
3.334400000000000091e+03 8.984650000000000275e-03 3.415775537127601312e-04
3.334480000000000018e+03 4.517789999999999827e-03 7.470092554761696008e-04
3.334550000000000182e+03 -1.727379999999999931e-03 1.111730445843426424e-03
3.334630000000000109e+03 -2.582909999999999894e-03 1.541963700196864392e-03
3.334699999999999818e+03 -1.846549999999999971e-03 1.931872705848172722e-03
3.334780000000000200e+03 -9.417270000000000046e-06 2.394955836773342717e-03
3.334849999999999909e+03 2.189379999999999885e-03 2.817222209010262959e-03
3.334929999999999836e+03 2.887840000000000025e-03 3.321462471464295841e-03
3.335000000000000000e+03 4.801950000000000142e-03 3.783405413901300921e-03
3.335079999999999927e+03 7.608539999999999574e-03 4.337132493835563207e-03
3.335150000000000091e+03 9.786160000000000345e-03 4.845895700374955317e-03
3.335230000000000018e+03 8.732399999999999538e-03 5.456916458152334670e-03
3.335300000000000182e+03 4.618200000000000256e-03 6.018799048991371747e-03
3.335380000000000109e+03 -2.733289999999999982e-04 6.693354881052170774e-03
3.335449999999999818e+03 1.604879999999999935e-03 7.312596683217343144e-03
3.335530000000000200e+03 7.801879999999999753e-03 8.053545980105929203e-03
3.335599999999999909e+03 6.538419999999999649e-03 8.730280647447600725e-03
3.335679999999999836e+03 6.568759999999999877e-03 9.534129739815126389e-03
3.335750000000000000e+03 9.672000000000000042e-03 1.026113938261462820e-02
3.335829999999999927e+03 6.138779999999999931e-03 1.111347967867735639e-02
3.335900000000000091e+03 6.817010000000000083e-03 1.187137274826682853e-02
3.335980000000000018e+03 1.214349999999999978e-02 1.274036150316018579e-02
3.336050000000000182e+03 1.022969999999999956e-02 1.349099608389704719e-02
3.336130000000000109e+03 6.570140000000000355e-03 1.431897510747481145e-02
3.336199999999999818e+03 9.439049999999999177e-03 1.499763162001258032e-02
3.336280000000000200e+03 1.936200000000000074e-02 1.569219368777566986e-02
3.336349999999999909e+03 2.343430000000000166e-02 1.620054126941483999e-02
3.336429999999999836e+03 1.777990000000000126e-02 1.662874071648394458e-02
3.336500000000000000e+03 1.647190000000000112e-02 1.683327537635662119e-02
3.336579999999999927e+03 2.074269999999999933e-02 1.682614463287700549e-02
3.336650000000000091e+03 2.541229999999999878e-02 1.656984562097113881e-02
3.336730000000000018e+03 2.551360000000000086e-02 1.594712743055546472e-02
3.336800000000000182e+03 1.661649999999999933e-02 1.508279379275447377e-02
3.336880000000000109e+03 7.530099999999999641e-03 1.370509839836605778e-02
3.336949999999999818e+03 8.186139999999999736e-03 1.215197710406834899e-02
3.337030000000000200e+03 1.455749999999999926e-02 9.993397744368389193e-03
3.337099999999999909e+03 1.527019999999999940e-02 7.800804906738902436e-03
3.337179999999999836e+03 1.027010000000000076e-02 5.010496329608949209e-03
3.337250000000000000e+03 5.411570000000000095e-03 2.391259694230971934e-03
3.337329999999999927e+03 -1.044180000000000021e-04 -7.033880551432314474e-04
3.337400000000000091e+03 -3.625000000000000184e-03 -3.407031481826559155e-03
3.337480000000000018e+03 -9.053079999999999591e-04 -6.381790953750701711e-03
3.337550000000000182e+03 3.431519999999999970e-03 -8.799648432302667814e-03
3.337630000000000109e+03 8.662150000000000405e-04 -1.126811959190653079e-02
3.337699999999999818e+03 -4.761900000000000334e-03 -1.311928919444214740e-02
3.337780000000000200e+03 -2.671179999999999995e-03 -1.484620148790016456e-02
3.337849999999999909e+03 -3.783270000000000036e-03 -1.600730930603356389e-02
3.337929999999999836e+03 -1.251829999999999957e-02 -1.694370353524728146e-02
3.338000000000000000e+03 -1.790359999999999868e-02 -1.744306330016151541e-02
3.338079999999999927e+03 -1.989430000000000018e-02 -1.768566405598699653e-02
3.338150000000000091e+03 -2.142729999999999982e-02 -1.764800204366817268e-02
3.338230000000000018e+03 -2.147709999999999897e-02 -1.736622362959405058e-02
3.338300000000000182e+03 -1.411259999999999945e-02 -1.694943066366370529e-02
3.338380000000000109e+03 -1.043000000000000003e-02 -1.632165786448564956e-02
3.338449999999999818e+03 -1.678930000000000006e-02 -1.567218268130655956e-02
3.338530000000000200e+03 -1.895350000000000160e-02 -1.484887008664671423e-02
3.338599999999999909e+03 -1.701010000000000022e-02 -1.408103778050616081e-02
3.338679999999999836e+03 -1.585860000000000047e-02 -1.317222113335457523e-02
3.338750000000000000e+03 -1.333720000000000044e-02 -1.236485940399420155e-02
3.338829999999999927e+03 -1.263459999999999930e-02 -1.144233523173527646e-02
3.338900000000000091e+03 -1.099900000000000010e-02 -1.064406984253791003e-02
3.338980000000000018e+03 -7.837669999999999706e-03 -9.749526930928859719e-03
3.339050000000000182e+03 -1.019830000000000042e-02 -8.986616977844984894e-03
3.339130000000000109e+03 -1.157159999999999959e-02 -8.140523643815162844e-03
3.339199999999999818e+03 -7.649259999999999740e-03 -7.424119005429516069e-03
3.339280000000000200e+03 -4.116240000000000177e-03 -6.633127803708985595e-03
3.339349999999999909e+03 -1.594990000000000123e-04 -5.964870236361809186e-03
3.339429999999999836e+03 1.750559999999999963e-03 -5.227211328830458359e-03
3.339500000000000000e+03 -1.033590000000000030e-03 -4.603125719248184894e-03
3.339579999999999927e+03 -3.403340000000000250e-04 -3.912207889293091434e-03
3.339650000000000091e+03 2.295600000000000071e-03 -3.325208289746315552e-03
3.339730000000000018e+03 2.682620000000000143e-03 -2.671860248600960424e-03
3.339800000000000182e+03 5.120030000000000241e-03 -2.113255322768655634e-03
3.339880000000000109e+03 6.160770000000000308e-03 -1.487020298726049895e-03
3.339949999999999818e+03 3.750170000000000153e-03 -9.473418379328979629e-04
3.340030000000000200e+03 0.000000000000000000e+00 -3.371454686809855807e-04
3.340099999999999909e+03 -3.509169999999999824e-03 1.934639279797555934e-04
3.340179999999999836e+03 -3.590639999999999978e-03 7.990495153600281168e-04
3.340250000000000000e+03 -1.953019999999999973e-03 1.330731423991704087e-03
3.340329999999999927e+03 -1.988020000000000065e-03 1.943483048417150253e-03
3.340400000000000091e+03 -2.388250000000000182e-03 2.486741858433374076e-03
3.340480000000000018e+03 1.223619999999999916e-03 3.118953111594084063e-03
3.340550000000000182e+03 6.340939999999999771e-03 3.684861098505185558e-03
3.340630000000000109e+03 8.612720000000000792e-03 4.349635077640825326e-03
3.340699999999999818e+03 9.638839999999999214e-03 4.950135383676067952e-03
3.340780000000000200e+03 5.890030000000000092e-03 5.661782048179455837e-03
3.340849999999999909e+03 -2.210170000000000017e-03 6.310080901666913905e-03
3.340929999999999836e+03 -8.866570000000000701e-03 7.084617940209239975e-03
3.341000000000000000e+03 -1.023529999999999926e-02 7.795671830947760797e-03
3.341079999999999927e+03 -5.836570000000000126e-03 8.651442333308971208e-03
3.341150000000000091e+03 -7.216809999999999501e-04 9.442557157346660734e-03
3.341230000000000018e+03 5.052240000000000376e-03 1.040098923434588755e-02
3.341300000000000182e+03 8.528050000000000561e-03 1.129255812670596978e-02
3.341380000000000109e+03 8.731769999999999810e-03 1.237910214769880057e-02
3.341449999999999818e+03 8.031979999999999328e-03 1.339551748239784998e-02
3.341530000000000200e+03 7.985420000000000018e-03 1.464080598854086701e-02
3.341599999999999909e+03 8.583669999999999842e-03 1.581158842865462363e-02
3.341679999999999836e+03 9.593330000000000607e-03 1.725287071888731080e-02
3.341750000000000000e+03 1.497530000000000042e-02 1.861406212879275490e-02
3.341829999999999927e+03 1.789980000000000043e-02 2.029696607360764737e-02
3.341900000000000091e+03 1.944629999999999970e-02 2.189282831186519993e-02
3.341980000000000018e+03 2.314269999999999869e-02 2.387348723749539367e-02
3.342050000000000182e+03 2.180210000000000134e-02 2.575852406516220688e-02
3.342130000000000109e+03 2.094520000000000062e-02 2.810605811582865890e-02
3.342199999999999818e+03 2.441729999999999942e-02 3.034730982699054141e-02
3.342280000000000200e+03 2.285229999999999900e-02 3.314653228765836179e-02
3.342349999999999909e+03 1.785799999999999887e-02 3.582593734013984899e-02
3.342429999999999836e+03 2.120939999999999978e-02 3.917989584839270956e-02
3.342500000000000000e+03 2.999390000000000042e-02 4.239618519998373386e-02
3.342579999999999927e+03 3.520020000000000093e-02 4.642761214386884744e-02
3.342650000000000091e+03 3.898719999999999963e-02 5.029654276184725159e-02
3.342730000000000018e+03 4.300280000000000075e-02 5.514623877267109398e-02
3.342800000000000182e+03 4.668069999999999858e-02 5.979670879855117360e-02
3.342880000000000109e+03 5.567369999999999958e-02 6.561491830002057213e-02
3.342949999999999818e+03 6.879559999999999842e-02 7.117620677838923382e-02
3.343030000000000200e+03 7.868509999999999394e-02 7.809959112470406251e-02
3.343099999999999909e+03 8.578429999999999389e-02 8.467109593939023404e-02
3.343179999999999836e+03 9.451110000000000066e-02 9.277243688703266933e-02
3.343250000000000000e+03 1.083879999999999982e-01 1.003616485945153930e-01
3.343329999999999927e+03 1.253519999999999912e-01 1.095524398442888347e-01
3.343400000000000091e+03 1.395220000000000071e-01 1.179612093359422714e-01
3.343480000000000018e+03 1.508720000000000061e-01 1.278234079117831212e-01
3.343550000000000182e+03 1.607989999999999975e-01 1.364645643636961392e-01
3.343630000000000109e+03 1.709160000000000124e-01 1.460021630662227399e-01
3.343699999999999818e+03 1.815980000000000094e-01 1.536588293976473840e-01
3.343780000000000200e+03 1.893509999999999915e-01 1.610252900389010922e-01
3.343849999999999909e+03 1.894609999999999905e-01 1.656578880857987601e-01
3.343929999999999836e+03 1.836969999999999992e-01 1.680658972302079834e-01
3.344000000000000000e+03 1.766800000000000037e-01 1.669324213473962204e-01
3.344079999999999927e+03 1.665820000000000078e-01 1.611278918501114210e-01
3.344150000000000091e+03 1.507469999999999921e-01 1.515622601878243159e-01
3.344230000000000018e+03 1.294210000000000083e-01 1.351365090741529495e-01
3.344300000000000182e+03 1.093149999999999955e-01 1.159697658207154980e-01
3.344380000000000109e+03 8.735750000000000459e-02 8.903953214643102465e-02
3.344449999999999818e+03 6.029120000000000312e-02 6.182094790097691223e-02
3.344530000000000200e+03 3.364000000000000323e-02 2.779152687335471883e-02
3.344599999999999909e+03 2.101879999999999981e-03 -3.274848361183808464e-03
3.344679999999999836e+03 -3.216990000000000127e-02 -3.861552244855064736e-02
3.344750000000000000e+03 -6.358969999999999900e-02 -6.803350584670671275e-02
3.344829999999999927e+03 -9.187770000000000659e-02 -9.845871309801740301e-02
3.344900000000000091e+03 -1.145830000000000043e-01 -1.212839361162630775e-01
3.344980000000000018e+03 -1.354259999999999908e-01 -1.422186037830715510e-01
3.345050000000000182e+03 -1.495299999999999963e-01 -1.557166380176729648e-01
3.345130000000000109e+03 -1.544399999999999940e-01 -1.656935609174535751e-01
3.345199999999999818e+03 -1.627859999999999863e-01 -1.700112684249267259e-01
3.345280000000000200e+03 -1.711840000000000028e-01 -1.705869087418419028e-01
3.345349999999999909e+03 -1.760460000000000080e-01 -1.679652014094541734e-01
3.345429999999999836e+03 -1.785940000000000027e-01 -1.622491474111711629e-01
3.345500000000000000e+03 -1.706060000000000076e-01 -1.555379543212712379e-01
3.345579999999999927e+03 -1.586210000000000120e-01 -1.466125342416984556e-01
3.345650000000000091e+03 -1.479870000000000074e-01 -1.381845281545161230e-01
3.345730000000000018e+03 -1.362619999999999942e-01 -1.282932903414877868e-01
3.345800000000000182e+03 -1.239289999999999975e-01 -1.196892151422570272e-01
3.345880000000000109e+03 -1.080480000000000051e-01 -1.101474499119755313e-01
3.345949999999999818e+03 -9.724739999999999773e-02 -1.021823747818237094e-01
3.346030000000000200e+03 -9.636480000000000046e-02 -9.361123013327053710e-02
3.346099999999999909e+03 -9.051240000000000674e-02 -8.661648125662319009e-02
3.346179999999999836e+03 -7.928709999999999924e-02 -7.921453872430875287e-02
3.346250000000000000e+03 -7.246500000000000163e-02 -7.324953614213620956e-02
3.346329999999999927e+03 -6.434929999999999817e-02 -6.699490031554047875e-02
3.346400000000000091e+03 -5.307169999999999943e-02 -6.198802721395098303e-02
3.346480000000000018e+03 -4.573150000000000132e-02 -5.676204805704957584e-02
3.346550000000000182e+03 -4.259539999999999854e-02 -5.259125857511243868e-02
3.346630000000000109e+03 -4.158409999999999884e-02 -4.824535836503137526e-02
3.346699999999999818e+03 -4.038710000000000216e-02 -4.477937487405762862e-02
3.346780000000000200e+03 -4.008149999999999907e-02 -4.116731828245687175e-02
3.346849999999999909e+03 -4.119500000000000245e-02 -3.828424144215483022e-02
3.346929999999999836e+03 -3.716780000000000084e-02 -3.527551062262156839e-02
3.347000000000000000e+03 -3.478060000000000179e-02 -3.286959109455746958e-02
3.347079999999999927e+03 -3.658920000000000228e-02 -3.035324594603557025e-02
3.347150000000000091e+03 -3.391720000000000151e-02 -2.833594328719689012e-02
3.347230000000000018e+03 -3.014539999999999928e-02 -2.622010743769591715e-02
3.347300000000000182e+03 -2.354830000000000118e-02 -2.451868140041936137e-02
3.347380000000000109e+03 -1.956950000000000009e-02 -2.272829586221550291e-02
3.347449999999999818e+03 -2.302919999999999967e-02 -2.128354807181470632e-02
3.347530000000000200e+03 -2.000230000000000063e-02 -1.975766822107144841e-02
3.347599999999999909e+03 -1.617319999999999869e-02 -1.852158652042555989e-02
3.347679999999999836e+03 -2.157569999999999974e-02 -1.721078828426755511e-02
3.347750000000000000e+03 -2.464739999999999986e-02 -1.614440643862471644e-02
3.347829999999999927e+03 -2.115030000000000035e-02 -1.500851523718928736e-02
3.347900000000000091e+03 -1.824109999999999968e-02 -1.408008788739411807e-02
3.347980000000000018e+03 -1.777429999999999982e-02 -1.308627820925503324e-02
3.348050000000000182e+03 -1.826080000000000064e-02 -1.226977453214210707e-02
3.348130000000000109e+03 -1.696189999999999851e-02 -1.139101654142372043e-02
3.348199999999999818e+03 -1.781479999999999869e-02 -1.066489733816144460e-02
3.348280000000000200e+03 -2.256669999999999857e-02 -9.878701230941882086e-03
3.348349999999999909e+03 -2.263580000000000106e-02 -9.224932841769577577e-03
3.348429999999999836e+03 -1.951589999999999922e-02 -8.512337155470889663e-03
3.348500000000000000e+03 -1.648669999999999997e-02 -7.915596500026128579e-03
3.348579999999999927e+03 -1.496040000000000043e-02 -7.260351067839159594e-03
3.348650000000000091e+03 -1.562509999999999941e-02 -6.707381879225806851e-03
3.348730000000000018e+03 -1.422350000000000003e-02 -6.095283879042673672e-03
3.348800000000000182e+03 -1.242839999999999917e-02 -5.574371504665543570e-03
3.348880000000000109e+03 -1.272799999999999973e-02 -4.992721637292626968e-03
3.348949999999999818e+03 -1.360719999999999985e-02 -4.493261353056957064e-03
3.349030000000000200e+03 -1.242850000000000031e-02 -3.930415869314924336e-03
3.349099999999999909e+03 -1.073720000000000056e-02 -3.442557332577878600e-03
3.349179999999999836e+03 -7.715969999999999947e-03 -2.887560648421042507e-03
3.349250000000000000e+03 -3.084439999999999925e-03 -2.401919415226288004e-03
3.349329999999999927e+03 -2.070450000000000155e-03 -1.844212318005743071e-03
3.349400000000000091e+03 -1.982349999999999911e-03 -1.351649343672619566e-03
3.349480000000000018e+03 -8.459939999999999778e-04 -7.808608611057143772e-04
3.349550000000000182e+03 -4.704730000000000066e-04 -2.723442782038396244e-04
3.349630000000000109e+03 3.555829999999999842e-03 3.218064983944164507e-04
3.349699999999999818e+03 6.303890000000000361e-03 8.552238076326669144e-04
3.349780000000000200e+03 7.080279999999999777e-04 1.482862940648210955e-03
3.349849999999999909e+03 -5.773699999999999666e-03 2.049887982162313521e-03
3.349929999999999836e+03 -5.750240000000000212e-03 2.720666301641797968e-03
3.350000000000000000e+03 0.000000000000000000e+00 3.329328824604382928e-03
3.350079999999999927e+03 4.211010000000000274e-03 4.051695664721194010e-03
3.350150000000000091e+03 2.659910000000000139e-03 4.708465528157082525e-03
3.350230000000000018e+03 9.461629999999999737e-04 5.488307026084708606e-03
3.350300000000000182e+03 3.264550000000000177e-03 6.196523916265019374e-03
3.350380000000000109e+03 4.405400000000000288e-03 7.034838928471693481e-03
3.350449999999999818e+03 5.680489999999999845e-03 7.792125157414219253e-03
3.350530000000000200e+03 9.838200000000000070e-03 8.681320817202022380e-03
3.350599999999999909e+03 1.404919999999999954e-02 9.475590680340638741e-03
3.350679999999999836e+03 1.676019999999999940e-02 1.039396780669703604e-02
3.350750000000000000e+03 1.389759999999999954e-02 1.119771840333168983e-02
3.350829999999999927e+03 1.091710000000000076e-02 1.210195097539640101e-02
3.350900000000000091e+03 1.494290000000000028e-02 1.286492360346428061e-02
3.350980000000000018e+03 2.240179999999999949e-02 1.368112567816992704e-02
3.351050000000000182e+03 2.161439999999999889e-02 1.432249925643566332e-02
3.351130000000000109e+03 1.425399999999999931e-02 1.493824767275748686e-02
3.351199999999999818e+03 1.478469999999999958e-02 1.534162699342835057e-02
3.351280000000000200e+03 1.416350000000000074e-02 1.560432979226537842e-02
3.351349999999999909e+03 9.898080000000000073e-03 1.562183347492126020e-02
3.351429999999999836e+03 1.150319999999999988e-02 1.535232493711941384e-02
3.351500000000000000e+03 1.220500000000000057e-02 1.482646782882484846e-02
3.351579999999999927e+03 1.209589999999999971e-02 1.385744841018003715e-02
3.351650000000000091e+03 1.252589999999999953e-02 1.266707791786148875e-02
3.351730000000000018e+03 1.017760000000000019e-02 1.090803688552339883e-02
3.351800000000000182e+03 8.403479999999999631e-03 9.032044615278895031e-03
3.351880000000000109e+03 7.922260000000000413e-03 6.541728699345437589e-03
3.351949999999999818e+03 4.968300000000000147e-03 4.112706300272774354e-03
3.352030000000000200e+03 -1.064870000000000096e-03 1.136519547698083832e-03
3.352099999999999909e+03 -3.853619999999999875e-03 -1.557195431422416822e-03
3.352179999999999836e+03 -2.724020000000000174e-03 -4.627183066863778393e-03
3.352250000000000000e+03 -2.932280000000000216e-03 -7.213617611560935866e-03
3.352329999999999927e+03 -6.251740000000000422e-03 -9.955079224311477737e-03
3.352400000000000091e+03 -1.368579999999999970e-02 -1.209683888382228137e-02
3.352480000000000018e+03 -1.646150000000000044e-02 -1.419069841778132675e-02
3.352550000000000182e+03 -1.298020000000000077e-02 -1.568365807962569802e-02
3.352630000000000109e+03 -1.445650000000000060e-02 -1.699104950860004862e-02
3.352699999999999818e+03 -2.010299999999999934e-02 -1.779423794043532778e-02
3.352780000000000200e+03 -2.598889999999999881e-02 -1.834901886749719727e-02
3.352849999999999909e+03 -3.027149999999999980e-02 -1.854837335531462489e-02
3.352929999999999836e+03 -2.763300000000000131e-02 -1.849372474085664297e-02
3.353000000000000000e+03 -2.374470000000000053e-02 -1.823803490970470065e-02
3.353079999999999927e+03 -2.576989999999999836e-02 -1.775438809750013933e-02
3.353150000000000091e+03 -2.726069999999999882e-02 -1.719973124704570269e-02
3.353230000000000018e+03 -2.612710000000000032e-02 -1.645412712829219526e-02
3.353300000000000182e+03 -2.167550000000000032e-02 -1.573187526517314319e-02
3.353380000000000109e+03 -1.532060000000000019e-02 -1.485459414374446299e-02
3.353449999999999818e+03 -1.170009999999999974e-02 -1.406071648043521159e-02
3.353530000000000200e+03 -1.007339999999999972e-02 -1.314156710400044004e-02
3.353599999999999909e+03 -1.252250000000000064e-02 -1.233866195497834890e-02
3.353679999999999836e+03 -1.654920000000000002e-02 -1.143308634420099265e-02
3.353750000000000000e+03 -1.374709999999999994e-02 -1.065754172480062878e-02
3.353829999999999927e+03 -7.062350000000000225e-03 -9.795574254538754258e-03
3.353900000000000091e+03 -5.925689999999999950e-03 -9.065348421044623628e-03
3.353980000000000018e+03 -7.879360000000000183e-03 -8.259897590225696862e-03
3.354050000000000182e+03 -6.931370000000000066e-03 -7.580988110319061488e-03
3.354130000000000109e+03 -5.512350000000000062e-03 -6.834225138334214938e-03
3.354199999999999818e+03 -5.883669999999999699e-03 -6.205378264066085947e-03
3.354280000000000200e+03 -7.337259999999999963e-03 -5.513178338748744856e-03
3.354349999999999909e+03 -1.052480000000000082e-02 -4.929036310994833539e-03
3.354429999999999836e+03 -9.871400000000000660e-03 -4.283845548299903411e-03
3.354500000000000000e+03 -3.828610000000000086e-03 -3.736912234375432042e-03
3.354579999999999927e+03 0.000000000000000000e+00 -3.129480176827746478e-03
3.354650000000000091e+03 2.246870000000000204e-03 -2.611266724915480182e-03
3.354730000000000018e+03 4.914049999999999668e-03 -2.031614279324853341e-03
3.354800000000000182e+03 4.029330000000000238e-03 -1.533244954151772145e-03
3.354880000000000109e+03 -1.766969999999999923e-04 -9.711380231729026952e-04
3.354949999999999818e+03 -1.856639999999999896e-03 -4.836118160910353545e-04
3.355030000000000200e+03 7.552919999999999643e-04 7.127747319764232703e-05
3.355099999999999909e+03 4.495159999999999781e-03 5.570419634850008565e-04
3.355179999999999836e+03 5.252739999999999666e-03 1.115171319553060099e-03
3.355250000000000000e+03 3.965210000000000262e-03 1.608429473466683156e-03
3.355329999999999927e+03 4.310900000000000322e-03 2.180551492749272565e-03
3.355400000000000091e+03 4.793419999999999626e-03 2.690920240228986734e-03
3.355480000000000018e+03 7.009940000000000095e-03 3.288339866148945901e-03
3.355550000000000182e+03 8.301390000000000505e-03 3.826057514369839586e-03
3.355630000000000109e+03 9.106750000000000261e-03 4.460966741726283061e-03
3.355699999999999818e+03 1.072810000000000083e-02 5.037218886549942390e-03
3.355780000000000200e+03 8.027219999999999842e-03 5.723108508334648001e-03
3.355849999999999909e+03 8.620509999999999631e-03 6.350425065940270425e-03
3.355929999999999836e+03 1.406239999999999921e-02 7.102584505302619519e-03
3.356000000000000000e+03 1.960639999999999952e-02 7.795321769225732611e-03
3.356079999999999927e+03 2.154760000000000009e-02 8.631447449897144270e-03
3.356150000000000091e+03 1.416270000000000029e-02 9.406376930388801738e-03
3.356230000000000018e+03 8.501399999999999235e-03 1.034731839699772060e-02
3.356300000000000182e+03 9.771480000000000790e-03 1.122435179338364224e-02
3.356380000000000109e+03 9.444460000000000008e-03 1.229503344380397656e-02
3.356449999999999818e+03 1.191249999999999948e-02 1.329812059796374284e-02
3.356530000000000200e+03 1.667549999999999935e-02 1.452868518048267346e-02
3.356599999999999909e+03 1.816159999999999997e-02 1.568692855115637677e-02
3.356679999999999836e+03 1.592860000000000109e-02 1.711415494445263710e-02
3.356750000000000000e+03 1.372540000000000045e-02 1.846318775726378536e-02
3.356829999999999927e+03 1.550780000000000040e-02 2.013223595576373384e-02
3.356900000000000091e+03 1.920629999999999907e-02 2.171590644393426098e-02
3.356980000000000018e+03 2.101400000000000143e-02 2.368242826639633744e-02
3.357050000000000182e+03 1.568390000000000062e-02 2.555480816605782204e-02
3.357130000000000109e+03 1.281200000000000047e-02 2.788741476972501909e-02
3.357199999999999818e+03 2.075650000000000064e-02 3.011508393260405037e-02
3.357280000000000200e+03 2.718090000000000089e-02 3.289804451050546558e-02
3.357349999999999909e+03 2.852990000000000040e-02 3.556245094345936858e-02
3.357429999999999836e+03 3.002360000000000098e-02 3.889824090428562614e-02
3.357500000000000000e+03 3.195130000000000192e-02 4.209761242273762222e-02
3.357579999999999927e+03 3.891189999999999927e-02 4.610840231766122344e-02
3.357650000000000091e+03 4.473150000000000043e-02 4.995803701154907794e-02
3.357730000000000018e+03 4.466559999999999975e-02 5.478417887342974801e-02
3.357800000000000182e+03 5.185479999999999950e-02 5.941269590671408724e-02
3.357880000000000109e+03 6.580650000000000388e-02 6.520432592561488383e-02
3.357949999999999818e+03 7.551220000000000154e-02 7.074118870307083418e-02
3.358030000000000200e+03 7.821379999999999999e-02 7.763565348924830745e-02
3.358099999999999909e+03 8.260420000000000262e-02 8.418144968412605289e-02
3.358179999999999836e+03 9.544550000000000256e-02 9.225383926848756966e-02
3.358250000000000000e+03 1.052669999999999995e-01 9.981920045285620768e-02
3.358329999999999927e+03 1.116660000000000014e-01 1.089863041714294462e-01
3.358400000000000091e+03 1.245379999999999959e-01 1.173796163988522767e-01
3.358480000000000018e+03 1.417150000000000076e-01 1.272335453988830967e-01
3.358550000000000182e+03 1.558080000000000020e-01 1.358792520372220647e-01
3.358630000000000109e+03 1.616910000000000014e-01 1.454406375374392990e-01
3.358699999999999818e+03 1.659130000000000049e-01 1.531392093932970877e-01
3.358780000000000200e+03 1.715550000000000130e-01 1.605836028722743003e-01
3.358849999999999909e+03 1.743530000000000080e-01 1.653150995024996461e-01
3.358929999999999836e+03 1.759660000000000113e-01 1.678746501729374563e-01
3.359000000000000000e+03 1.691469999999999918e-01 1.669075845937450231e-01
3.359079999999999927e+03 1.506830000000000114e-01 1.613273157254817014e-01
3.359150000000000091e+03 1.364940000000000042e-01 1.519792611727104059e-01
3.359230000000000018e+03 1.259550000000000114e-01 1.358110631488627651e-01
3.359300000000000182e+03 1.043110000000000009e-01 1.168611933931919394e-01
3.359380000000000109e+03 7.278439999999999910e-02 9.014836811245849346e-02
3.359449999999999818e+03 4.044699999999999684e-02 6.307738203907573005e-02
3.359530000000000200e+03 1.458850000000000077e-02 2.915301409840171873e-02
3.359599999999999909e+03 -7.730100000000000166e-03 -1.884800197599933655e-03
3.359679999999999836e+03 -3.645749999999999685e-02 -3.726805908139724927e-02
3.359750000000000000e+03 -6.757080000000000031e-02 -6.678604736627334615e-02
3.359829999999999927e+03 -9.528939999999999633e-02 -9.738725775829139286e-02
3.359900000000000091e+03 -1.186419999999999975e-01 -1.204074343347787818e-01
3.359980000000000018e+03 -1.367470000000000074e-01 -1.415922299696211195e-01
3.360050000000000182e+03 -1.528120000000000034e-01 -1.553156549739982684e-01
3.360130000000000109e+03 -1.625109999999999888e-01 -1.655386022811718150e-01
3.360199999999999818e+03 -1.677700000000000025e-01 -1.700490323125112835e-01
3.360280000000000200e+03 -1.748790000000000067e-01 -1.708097985593378387e-01
3.360349999999999909e+03 -1.761890000000000123e-01 -1.683161047850743608e-01
3.360429999999999836e+03 -1.704690000000000094e-01 -1.627081768771859449e-01
3.360500000000000000e+03 -1.661640000000000061e-01 -1.560613361924605702e-01
3.360579999999999927e+03 -1.594889999999999919e-01 -1.471803060518796780e-01
3.360650000000000091e+03 -1.448909999999999920e-01 -1.387706165236865796e-01
3.360730000000000018e+03 -1.334919999999999995e-01 -1.288825556789205407e-01
3.360800000000000182e+03 -1.273579999999999990e-01 -1.202699172254247245e-01
3.360880000000000109e+03 -1.155329999999999968e-01 -1.107095412178955296e-01
3.360949999999999818e+03 -1.060299999999999992e-01 -1.027231882758906090e-01
3.361030000000000200e+03 -9.866400000000000170e-02 -9.412448413832545657e-02
3.361099999999999909e+03 -8.652219999999999356e-02 -8.710428543970313853e-02
3.361179999999999836e+03 -8.078290000000000470e-02 -7.967298901081380780e-02
3.361250000000000000e+03 -7.399469999999999659e-02 -7.368277162352547538e-02
3.361329999999999927e+03 -6.440590000000000204e-02 -6.740038762873885869e-02
3.361400000000000091e+03 -6.124620000000000064e-02 -6.237042495823953703e-02
3.361480000000000018e+03 -5.655330000000000079e-02 -5.711956157986541882e-02
3.361550000000000182e+03 -5.199959999999999999e-02 -5.292834093657306643e-02
3.361630000000000109e+03 -4.966729999999999756e-02 -4.856058220382842433e-02
3.361699999999999818e+03 -4.429559999999999748e-02 -4.507670079368249899e-02
3.361780000000000200e+03 -3.904429999999999706e-02 -4.144547198526743470e-02
3.361849999999999909e+03 -3.903149999999999675e-02 -3.854662621604058176e-02
3.361929999999999836e+03 -3.857030000000000181e-02 -3.552087856233918789e-02
3.362000000000000000e+03 -3.391410000000000258e-02 -3.310082469145327055e-02
3.362079999999999927e+03 -3.120090000000000016e-02 -3.056904285326083812e-02
3.362150000000000091e+03 -2.888059999999999933e-02 -2.853874067101467779e-02
3.362230000000000018e+03 -2.352450000000000027e-02 -2.640848981145818217e-02
3.362300000000000182e+03 -1.587809999999999916e-02 -2.469472504004895444e-02
3.362380000000000109e+03 -1.237790000000000071e-02 -2.289042231967659130e-02
3.362449999999999818e+03 -1.215660000000000004e-02 -2.143355314420863911e-02
3.362530000000000200e+03 -1.236010000000000060e-02 -1.989376198781531851e-02
3.362599999999999909e+03 -1.614760000000000154e-02 -1.864535617626739833e-02
3.362679999999999836e+03 -1.807500000000000079e-02 -1.732018063466795460e-02
3.362750000000000000e+03 -2.006869999999999835e-02 -1.624086290432617125e-02
3.362829999999999927e+03 -2.073590000000000155e-02 -1.508966112983609401e-02
3.362900000000000091e+03 -1.330600000000000012e-02 -1.414727387347751442e-02
3.362980000000000018e+03 -5.526370000000000067e-03 -1.313674102822696109e-02
3.363050000000000182e+03 -5.739840000000000393e-03 -1.230482323669537630e-02
3.363130000000000109e+03 -9.730499999999999566e-03 -1.140742123295997515e-02
3.363199999999999818e+03 -1.193160000000000054e-02 -1.066397089067040380e-02
3.363280000000000200e+03 -1.090819999999999984e-02 -9.856656116668836148e-03
3.363349999999999909e+03 -9.867330000000000545e-03 -9.183129786525481841e-03
3.363429999999999836e+03 -1.255279999999999938e-02 -8.446325425503563994e-03
3.363500000000000000e+03 -1.276300000000000004e-02 -7.826829799043975508e-03
3.363579999999999927e+03 -1.448789999999999974e-02 -7.143594224734315865e-03
3.363650000000000091e+03 -2.008530000000000038e-02 -6.564230710292379492e-03
3.363730000000000018e+03 -1.827880000000000130e-02 -5.919582048287384130e-03
3.363800000000000182e+03 -1.071539999999999992e-02 -5.367913772010585866e-03
3.363880000000000109e+03 -6.180950000000000159e-03 -4.748280798814868975e-03
3.363949999999999818e+03 -5.399929999999999834e-03 -4.212900663800311918e-03
3.364030000000000200e+03 -6.237910000000000156e-03 -3.605681396404466880e-03
3.364099999999999909e+03 -6.418659999999999644e-03 -3.075870316726902164e-03
3.364179999999999836e+03 -4.286930000000000428e-03 -2.469092732207044550e-03
3.364250000000000000e+03 -7.871470000000000203e-03 -1.934569968124606656e-03
3.364329999999999927e+03 -1.074469999999999939e-02 -1.316666062928230092e-03
3.364400000000000091e+03 -6.306250000000000223e-03 -7.674507173743593848e-04
3.364480000000000018e+03 -6.577910000000000180e-03 -1.271783632253169379e-04
3.364550000000000182e+03 -5.993059999999999707e-03 4.463945120781337168e-04
3.364630000000000109e+03 -1.202130000000000039e-03 1.119813813156734974e-03
3.364699999999999818e+03 -3.362379999999999883e-03 1.726843498571038662e-03
3.364780000000000200e+03 -6.790140000000000065e-03 2.443253901294860191e-03
3.364849999999999909e+03 -3.322499999999999933e-03 3.091660482269424030e-03
3.364929999999999836e+03 0.000000000000000000e+00 3.858981993534447898e-03
3.365000000000000000e+03 3.395790000000000093e-04 4.554328787376528409e-03
3.365079999999999927e+03 5.751890000000000388e-04 5.376771940151913592e-03
3.365150000000000091e+03 5.571070000000000015e-03 6.120237921093717517e-03
3.365230000000000018e+03 1.127470000000000035e-02 6.995346771221993762e-03
3.365300000000000182e+03 7.888479999999999798e-03 7.780483280750241995e-03
3.365380000000000109e+03 1.978220000000000152e-03 8.694566062466890094e-03
3.365449999999999818e+03 2.746660000000000160e-03 9.502462616015965383e-03
3.365530000000000200e+03 7.261280000000000165e-03 1.042405425956549787e-02
3.365599999999999909e+03 1.039089999999999979e-02 1.121674592835105941e-02
3.365679999999999836e+03 1.288070000000000014e-02 1.208821593604769012e-02
3.365750000000000000e+03 1.404840000000000082e-02 1.280086184932834915e-02
3.365829999999999927e+03 1.440699999999999967e-02 1.352951925097642567e-02
3.365900000000000091e+03 1.534759999999999944e-02 1.406344612165924893e-02
3.365980000000000018e+03 2.036529999999999938e-02 1.451590966175616421e-02
3.366050000000000182e+03 2.606699999999999989e-02 1.473727121360065423e-02
3.366130000000000109e+03 2.123529999999999862e-02 1.474435139323957214e-02
3.366199999999999818e+03 1.048430000000000022e-02 1.449621034184242832e-02
3.366280000000000200e+03 7.275720000000000277e-03 1.387823693947981205e-02
3.366349999999999909e+03 8.876830000000000484e-03 1.301448116289090698e-02
3.366429999999999836e+03 9.117890000000000023e-03 1.163410539552424405e-02
3.366500000000000000e+03 1.450180000000000045e-02 1.007651856815926575e-02
3.366579999999999927e+03 1.493389999999999995e-02 7.911536601741790339e-03
3.366650000000000091e+03 2.697789999999999824e-03 5.713206738907869106e-03
3.366730000000000018e+03 -3.988219999999999786e-03 2.917329372193438585e-03
3.366800000000000182e+03 2.356309999999999915e-03 2.948756603557366705e-04
3.366880000000000109e+03 7.309290000000000405e-03 -2.800940846859132326e-03
3.366949999999999818e+03 1.877179999999999994e-03 -5.503248767320547893e-03
3.367030000000000200e+03 -5.585269999999999818e-03 -8.474041720448056980e-03
3.367099999999999909e+03 -6.254290000000000023e-03 -1.088685137409682764e-02
3.367179999999999836e+03 -4.658680000000000113e-03 -1.334873020920782950e-02
3.367250000000000000e+03 -8.417199999999999682e-03 -1.519438044303434397e-02
3.367329999999999927e+03 -1.401260000000000006e-02 -1.691646277008345203e-02
3.367400000000000091e+03 -1.752679999999999863e-02 -1.807556400605038818e-02
3.367480000000000018e+03 -1.650249999999999981e-02 -1.901313402053393664e-02
3.367550000000000182e+03 -1.281580000000000046e-02 -1.951715492537742583e-02
3.367630000000000109e+03 -1.628430000000000155e-02 -1.976972135941055392e-02
3.367699999999999818e+03 -2.177779999999999994e-02 -1.974507540450120766e-02
3.367780000000000200e+03 -1.951960000000000153e-02 -1.948320150484366547e-02
3.367849999999999909e+03 -1.869470000000000159e-02 -1.908822540558603037e-02
3.367929999999999836e+03 -2.244610000000000008e-02 -1.849034101663740715e-02
3.368000000000000000e+03 -2.166420000000000151e-02 -1.787126109411300151e-02
3.368079999999999927e+03 -2.037169999999999953e-02 -1.708741849301763024e-02
3.368150000000000091e+03 -1.950369999999999882e-02 -1.635817910718897344e-02
3.368230000000000018e+03 -1.808049999999999935e-02 -1.549803464479462822e-02
3.368300000000000182e+03 -2.229839999999999947e-02 -1.473723030941968999e-02
3.368380000000000109e+03 -2.765839999999999965e-02 -1.387246342329176430e-02
3.368449999999999818e+03 -2.479949999999999863e-02 -1.312876422521176700e-02
3.368530000000000200e+03 -1.597550000000000012e-02 -1.230128948059606118e-02
3.368599999999999909e+03 -1.005670000000000001e-02 -1.160130534859513465e-02
3.368679999999999836e+03 -7.979969999999999425e-03 -1.083216341141672243e-02
3.368750000000000000e+03 -1.007790000000000075e-02 -1.018769068715774315e-02
3.368829999999999927e+03 -9.827650000000000274e-03 -9.484434556004471550e-03
3.368900000000000091e+03 -5.940589999999999933e-03 -8.898041407098577701e-03
3.368980000000000018e+03 -9.058780000000000651e-03 -8.260116853300462914e-03
3.369050000000000182e+03 -1.342169999999999995e-02 -7.729029815731940437e-03
3.369130000000000109e+03 -1.216040000000000003e-02 -7.151380041693642178e-03
3.369199999999999818e+03 -7.401050000000000163e-03 -6.670001755132522539e-03
3.369280000000000200e+03 -3.812649999999999893e-03 -6.145332115424662761e-03
3.369349999999999909e+03 -6.837160000000000112e-03 -5.706776149164647857e-03
3.369429999999999836e+03 -8.703449999999999728e-03 -5.226892570250700303e-03
3.369500000000000000e+03 -5.144690000000000374e-03 -4.823859393979012394e-03
3.369579999999999927e+03 -2.981650000000000186e-03 -4.380401191867069888e-03
3.369650000000000091e+03 -1.896230000000000051e-03 -4.005632405853604486e-03
3.369730000000000018e+03 -9.877029999999999317e-04 -3.590424214657487144e-03
3.369800000000000182e+03 -3.279929999999999912e-03 -3.236895486301019469e-03
3.369880000000000109e+03 -4.562599999999999989e-03 -2.842066045578111461e-03
3.369949999999999818e+03 -8.961610000000000279e-04 -2.503021582301454256e-03
3.370030000000000200e+03 3.988039999999999988e-03 -2.120981859089471518e-03
3.370099999999999909e+03 4.155589999999999805e-03 -1.789873243742464998e-03
3.370179999999999836e+03 0.000000000000000000e+00 -1.413208921590271326e-03
3.370250000000000000e+03 -2.434239999999999841e-03 -1.083574522765491177e-03
3.370329999999999927e+03 -2.207390000000000047e-03 -7.048832769670759085e-04
3.370400000000000091e+03 7.232809999999999890e-04 -3.701870689346506427e-04
3.370480000000000018e+03 2.980329999999999785e-03 1.812501269851272620e-05
3.370550000000000182e+03 4.845000000000000348e-03 3.646877900948439742e-04
3.370630000000000109e+03 5.147330000000000308e-03 7.706469655290857680e-04
3.370699999999999818e+03 1.700569999999999990e-03 1.136377637357149743e-03
3.370780000000000200e+03 2.499490000000000045e-03 1.568724286111991811e-03
3.370849999999999909e+03 4.983089999999999915e-03 1.961688094681489272e-03
3.370929999999999836e+03 5.149830000000000206e-03 2.430209168058197148e-03
3.371000000000000000e+03 5.764080000000000419e-03 2.859552860564733203e-03
3.371079999999999927e+03 7.128800000000000241e-03 3.375479732258418204e-03
3.371150000000000091e+03 6.675740000000000320e-03 3.851814399184712041e-03
3.371230000000000018e+03 -4.991540000000000256e-04 4.428305691608650993e-03
3.371300000000000182e+03 -5.210339999999999937e-03 4.964174081665420971e-03
3.371380000000000109e+03 -1.732370000000000004e-03 5.616907782927709619e-03
3.371449999999999818e+03 -3.290100000000000229e-04 6.227359305725340896e-03
3.371530000000000200e+03 -6.176299999999999802e-04 6.975262633647887067e-03
3.371599999999999909e+03 3.834409999999999902e-03 7.678562205484355113e-03
3.371679999999999836e+03 9.235159999999999203e-03 8.544709671848402591e-03
3.371750000000000000e+03 6.549550000000000337e-03 9.363206369706444931e-03
3.371829999999999927e+03 5.322919999999999648e-04 1.037591276903618125e-02
3.371900000000000091e+03 2.188939999999999896e-03 1.133708635614135395e-02
3.371980000000000018e+03 3.346580000000000041e-03 1.253120439522621005e-02
3.372050000000000182e+03 2.577330000000000072e-04 1.366888274844933401e-02
3.372130000000000109e+03 3.517199999999999840e-03 1.508726948617546484e-02
3.372199999999999818e+03 6.778499999999999803e-03 1.644294903876157565e-02
3.372280000000000200e+03 3.593770000000000037e-03 1.813796123638031915e-02
3.372349999999999909e+03 2.922310000000000012e-03 1.976202935365825586e-02
3.372429999999999836e+03 4.718830000000000247e-03 2.179668779654949512e-02
3.372500000000000000e+03 3.331680000000000058e-03 2.374907177222370172e-02
3.372579999999999927e+03 5.866439999999999676e-03 2.619709191384028343e-02
3.372650000000000091e+03 1.024890000000000002e-02 2.854631890187455528e-02
3.372730000000000018e+03 7.352059999999999672e-03 3.148935079506616497e-02
3.372800000000000182e+03 8.115360000000000282e-03 3.430798253940128828e-02
3.372880000000000109e+03 1.660930000000000045e-02 3.782682946940500723e-02
3.372949999999999818e+03 2.438239999999999852e-02 4.117941103816875892e-02
3.373030000000000200e+03 3.127900000000000125e-02 4.533328782028456932e-02
3.373099999999999909e+03 3.959410000000000013e-02 4.924996123862066671e-02
3.373179999999999836e+03 5.034559999999999730e-02 5.403372136576507084e-02
3.373250000000000000e+03 5.772499999999999853e-02 5.845854935963440413e-02
3.373329999999999927e+03 5.559680000000000177e-02 6.372306046256871748e-02
3.373400000000000091e+03 5.489549999999999985e-02 6.842281915404303805e-02
3.373480000000000018e+03 6.325709999999999666e-02 7.374298248457455962e-02
3.373550000000000182e+03 6.902679999999999927e-02 7.816723083802237793e-02
3.373630000000000109e+03 7.350310000000000177e-02 8.265985508880825672e-02
3.373699999999999818e+03 8.114830000000000654e-02 8.577544807138313965e-02
3.373780000000000200e+03 8.507610000000000172e-02 8.793457280388287944e-02
3.373849999999999909e+03 8.526050000000000295e-02 8.814659670861696439e-02
3.373929999999999836e+03 7.609180000000000110e-02 8.590252714724029570e-02
3.374000000000000000e+03 6.103879999999999723e-02 8.131420414260540075e-02
3.374079999999999927e+03 5.003980000000000233e-02 7.265916708157789394e-02
3.374150000000000091e+03 4.192529999999999868e-02 6.195003375624975189e-02
3.374230000000000018e+03 3.285319999999999907e-02 4.627915853093202136e-02
3.374300000000000182e+03 1.882709999999999939e-02 3.002104188872217055e-02
3.374380000000000109e+03 9.262839999999999616e-03 9.461149290592196434e-03
3.374449999999999818e+03 3.408089999999999904e-03 -9.237810272933182076e-03
3.374530000000000200e+03 -1.241289999999999928e-02 -3.007585327098422079e-02
3.374599999999999909e+03 -3.123400000000000135e-02 -4.678544919577841410e-02
3.374679999999999836e+03 -4.667580000000000340e-02 -6.313721279747860904e-02
3.374750000000000000e+03 -5.996420000000000222e-02 -7.451444359546327556e-02
3.374829999999999927e+03 -7.262079999999999924e-02 -8.393472907176831310e-02
3.374900000000000091e+03 -8.599980000000000124e-02 -8.914110146242057442e-02
3.374980000000000018e+03 -9.424670000000000269e-02 -9.199229402704614533e-02
3.375050000000000182e+03 -9.294800000000000284e-02 -9.220949522687095501e-02
3.375130000000000109e+03 -8.719949999999999923e-02 -9.042357981195868477e-02
3.375199999999999818e+03 -8.576200000000000490e-02 -8.754087205771585167e-02
3.375280000000000200e+03 -8.810389999999999888e-02 -8.322405409020523781e-02
3.375349999999999909e+03 -8.786679999999999491e-02 -7.889014190588648778e-02
3.375429999999999836e+03 -8.041460000000000274e-02 -7.361844138896529721e-02
3.375500000000000000e+03 -6.989270000000000205e-02 -6.892620032287477549e-02
3.375579999999999927e+03 -6.126550000000000051e-02 -6.364324794987169520e-02
3.375650000000000091e+03 -5.354319999999999913e-02 -5.918708145275581450e-02
3.375730000000000018e+03 -5.199499999999999955e-02 -5.435778245929344388e-02
3.375800000000000182e+03 -5.632689999999999919e-02 -5.039744365063311693e-02
3.375880000000000109e+03 -5.477250000000000174e-02 -4.619327573607712872e-02
3.375949999999999818e+03 -4.409489999999999937e-02 -4.279862943064361575e-02
3.376030000000000200e+03 -3.612390000000000045e-02 -3.923571809498036661e-02
3.376099999999999909e+03 -3.452779999999999738e-02 -3.638297006088418023e-02
3.376179999999999836e+03 -3.394490000000000007e-02 -3.340665677852575066e-02
3.376250000000000000e+03 -3.632719999999999699e-02 -3.103355695427991237e-02
3.376329999999999927e+03 -3.724689999999999945e-02 -2.856433452187914085e-02
3.376400000000000091e+03 -3.493700000000000278e-02 -2.659867076637426053e-02
3.376480000000000018e+03 -3.043639999999999887e-02 -2.455471978435655456e-02
3.376550000000000182e+03 -2.317920000000000050e-02 -2.292751511706530437e-02
3.376630000000000109e+03 -1.765689999999999968e-02 -2.123442635881304941e-02
3.376699999999999818e+03 -1.141200000000000027e-02 -1.988508467191375806e-02
3.376780000000000200e+03 -4.641929999999999841e-03 -1.847907980351071178e-02
3.376849999999999909e+03 -3.911760000000000237e-03 -1.735659967209027266e-02
3.376929999999999836e+03 -5.695480000000000161e-03 -1.618470880286798294e-02
3.377000000000000000e+03 -3.747129999999999992e-03 -1.524715179653302402e-02
3.377079999999999927e+03 -3.109789999999999863e-03 -1.426613243495640504e-02
3.377150000000000091e+03 -5.106620000000000083e-03 -1.347944329257590168e-02
3.377230000000000018e+03 -2.693710000000000201e-03 -1.265431107981144880e-02
3.377300000000000182e+03 -1.249380000000000022e-03 -1.199100755809113725e-02
3.377380000000000109e+03 -4.419939999999999806e-03 -1.129357333281417498e-02
3.377449999999999818e+03 1.005079999999999938e-04 -1.073152816772966582e-02
3.377530000000000200e+03 7.374109999999999693e-03 -1.013909837649029297e-02
3.377599999999999909e+03 4.429439999999999766e-03 -9.660491630396865134e-03
3.377679999999999836e+03 -2.640019999999999867e-03 -9.154776102315322767e-03
3.377750000000000000e+03 -3.517559999999999871e-03 -8.745229754863264107e-03
3.377829999999999927e+03 -1.343030000000000048e-03 -8.311450921006151293e-03
3.377900000000000091e+03 9.216989999999999992e-05 -7.959329879899354129e-03
3.377980000000000018e+03 3.571280000000000027e-03 -7.585508442700705442e-03
3.378050000000000182e+03 3.189110000000000208e-03 -7.281363033097058846e-03
3.378130000000000109e+03 4.581470000000000030e-04 -6.957750434773172718e-03
3.378199999999999818e+03 1.553329999999999902e-03 -6.693874694814857390e-03
3.378280000000000200e+03 2.396740000000000068e-03 -6.412504300562693951e-03
3.378349999999999909e+03 2.581570000000000045e-03 -6.182587064569351407e-03
3.378429999999999836e+03 4.899220000000000137e-03 -5.936919807578794339e-03
3.378500000000000000e+03 6.088999999999999795e-03 -5.735769233711784237e-03
3.378579999999999927e+03 6.602460000000000100e-03 -5.520413743427633746e-03
3.378650000000000091e+03 6.448330000000000381e-03 -5.343739590889809432e-03
3.378730000000000018e+03 1.464620000000000028e-03 -5.154230777124277352e-03
3.378800000000000182e+03 -2.991820000000000070e-03 -4.998471951618505341e-03
3.378880000000000109e+03 -2.468680000000000006e-03 -4.831095382557383001e-03
3.378949999999999818e+03 2.347269999999999825e-03 -4.693282939253716479e-03
3.379030000000000200e+03 5.609920000000000011e-03 -4.544935097570029260e-03
3.379099999999999909e+03 0.000000000000000000e+00 -4.422583039632157695e-03
3.379179999999999836e+03 -3.235120000000000183e-03 -4.290659727371629560e-03
3.379250000000000000e+03 6.214779999999999610e-04 -4.181677635013478396e-03
3.379329999999999927e+03 1.305799999999999973e-03 -4.063984513793991379e-03
3.379400000000000091e+03 1.786150000000000021e-03 -3.966607364137893915e-03
3.379480000000000018e+03 2.744849999999999851e-04 -3.861287952607232819e-03
3.379550000000000182e+03 -7.514780000000000418e-03 -3.774019519286261979e-03
3.379630000000000109e+03 -1.030039999999999949e-02 -3.679497004300760592e-03
3.379699999999999818e+03 -2.642869999999999855e-03 -3.601064021697783502e-03
3.379780000000000200e+03 6.937329999999999799e-04 -3.515994039620411269e-03
3.379849999999999909e+03 -5.206920000000000298e-03 -3.445308931868284151e-03
3.379929999999999836e+03 -7.085720000000000213e-03 -3.368541094750826179e-03
3.380000000000000000e+03 -5.366830000000000385e-03 -3.304671545415945825e-03
3.380079999999999927e+03 -4.051100000000000187e-03 -3.235217965321276340e-03
3.380150000000000091e+03 0.000000000000000000e+00 -3.177361972161747011e-03
3.380230000000000018e+03 2.511180000000000009e-03 -3.114371407856537065e-03
3.380300000000000182e+03 2.177880000000000094e-04 -3.061836753043989216e-03
3.380380000000000109e+03 -1.750459999999999907e-03 -3.004573291568465518e-03
3.380449999999999818e+03 -3.476589999999999889e-03 -2.956760580345450633e-03
3.380530000000000200e+03 -8.086110000000000519e-03 -2.904585990674576554e-03
3.380599999999999909e+03 -1.165270000000000021e-02 -2.860974585161688705e-03
3.380679999999999836e+03 -1.107290000000000010e-02 -2.813333656861446638e-03
3.380750000000000000e+03 -8.123329999999999787e-03 -2.773469967818371212e-03
3.380829999999999927e+03 -3.937529999999999850e-03 -2.729878285433163902e-03
3.380900000000000091e+03 0.000000000000000000e+00 -2.693365991723883218e-03
3.380980000000000018e+03 3.911109999999999760e-03 -2.653399704164101890e-03
3.381050000000000182e+03 5.546920000000000323e-03 -2.619891554033566480e-03
3.381130000000000109e+03 2.862509999999999968e-03 -2.583178783972202470e-03
3.381199999999999818e+03 3.182819999999999833e-03 -2.552369699021984038e-03
3.381280000000000200e+03 5.479389999999999782e-03 -2.518583305318567757e-03
3.381349999999999909e+03 5.492979999999999738e-03 -2.490204561117504226e-03
3.381429999999999836e+03 3.122849999999999931e-03 -2.459056021413710477e-03
3.381500000000000000e+03 1.898869999999999985e-03 -2.432870320988724921e-03
3.381579999999999927e+03 6.304019999999999589e-03 -2.404104544854839855e-03
3.381650000000000091e+03 1.003169999999999930e-02 -2.379901835159746286e-03
3.381730000000000018e+03 1.395459999999999930e-02 -2.353292752843439382e-03
3.381800000000000182e+03 1.806369999999999851e-02 -2.330886661495843240e-03
3.381880000000000109e+03 1.434979999999999936e-02 -2.306233461209366252e-03
3.381949999999999818e+03 4.801490000000000272e-03 -2.285458252705058028e-03
3.382030000000000200e+03 -2.270770000000000080e-03 -2.262582161910728709e-03
3.382099999999999909e+03 -6.026459999999999977e-03 -2.243290130248314952e-03
3.382179999999999836e+03 -8.050899999999999723e-03 -2.222031654647346061e-03
3.382250000000000000e+03 -4.319299999999999876e-03 -2.204090883685550645e-03
3.382329999999999927e+03 1.932429999999999955e-03 -2.184307432445405355e-03
3.382400000000000091e+03 4.406860000000000291e-03 -2.167599867028334199e-03
3.382480000000000018e+03 1.567610000000000097e-03 -2.149163704886520188e-03
3.382550000000000182e+03 0.000000000000000000e+00 -2.133583485343390138e-03
3.382630000000000109e+03 2.769649999999999803e-03 -2.116379962120848533e-03
3.382699999999999818e+03 4.785260000000000381e-03 -2.101831982592705303e-03
3.382780000000000200e+03 5.958409999999999922e-03 -2.085757998779163257e-03
3.382849999999999909e+03 5.566439999999999756e-03 -2.072156656272143311e-03
3.382929999999999836e+03 4.656320000000000250e-03 -2.057119330037238038e-03
3.383000000000000000e+03 4.272119999999999911e-03 -2.044387436422694798e-03
3.383079999999999927e+03 5.243000000000000264e-03 -2.030302942931635005e-03
3.383150000000000091e+03 5.036610000000000392e-03 -2.018370776511235320e-03
3.383230000000000018e+03 7.356689999999999931e-04 -2.005163335005172819e-03
3.383300000000000182e+03 -3.499239999999999816e-03 -1.993967811908733088e-03
3.383380000000000109e+03 -3.359860000000000103e-03 -1.981568799810061021e-03
3.383449999999999818e+03 -1.754300000000000087e-03 -1.971052748531206683e-03
3.383530000000000200e+03 5.004010000000000359e-04 -1.959399925004300710e-03
3.383599999999999909e+03 4.388190000000000146e-03 -1.949511449910182369e-03
3.383679999999999836e+03 5.095289999999999715e-03 -1.938548273954677527e-03
