3.320000000000000000e+03 8.868179999999999813e-03 -1.121003887224423026e-03
3.320079999999999927e+03 9.216759999999999189e-03 -1.104464892836148860e-03
3.320150000000000091e+03 8.014800000000000743e-03 -1.089652611886070873e-03
3.320230000000000018e+03 6.686600000000000009e-03 -1.072322296898263905e-03
3.320300000000000182e+03 8.340190000000000797e-03 -1.056795501155409185e-03
3.320380000000000109e+03 9.908319999999999975e-03 -1.038622293382753317e-03
3.320449999999999818e+03 8.420540000000000663e-03 -1.022334040690149343e-03
3.320530000000000200e+03 9.610709999999999739e-03 -1.003262113534594694e-03
3.320599999999999909e+03 8.297479999999999439e-03 -9.861615589799972107e-04
3.320679999999999836e+03 2.140780000000000113e-03 -9.661304078379046641e-04
3.320750000000000000e+03 1.694629999999999867e-04 -9.481624122158109711e-04
3.320829999999999927e+03 6.411449999999999745e-04 -9.271063815609653560e-04
3.320900000000000091e+03 7.091139999999999466e-04 -9.082110739036097086e-04
3.320980000000000018e+03 0.000000000000000000e+00 -8.860588284758663669e-04
3.321050000000000182e+03 -1.872330000000000012e-04 -8.661711164869580985e-04
3.321130000000000109e+03 2.153989999999999887e-04 -8.428450490257652708e-04
3.321199999999999818e+03 -1.577099999999999900e-03 -8.218940703200729950e-04
3.321280000000000200e+03 -4.265329999999999903e-04 -7.973096371326059573e-04
3.321349999999999909e+03 4.128099999999999999e-03 -7.752181430926465000e-04
3.321429999999999836e+03 5.388689999999999800e-03 -7.492831173994993037e-04
3.321500000000000000e+03 3.413139999999999837e-03 -7.259667801875193879e-04
3.321579999999999927e+03 2.279199999999999889e-03 -6.985804116071533867e-04
3.321650000000000091e+03 3.661090000000000091e-03 -6.739470433718042393e-04
3.321730000000000018e+03 5.246950000000000225e-03 -6.449991100549831886e-04
3.321800000000000182e+03 6.119969999999999750e-03 -6.189477816113885759e-04
3.321880000000000109e+03 5.346929999999999739e-03 -5.883175193478974632e-04
3.321949999999999818e+03 3.119600000000000151e-03 -5.607375635368284841e-04
3.322030000000000200e+03 1.210899999999999997e-03 -5.282924535819498620e-04
3.322099999999999909e+03 1.309969999999999928e-03 -4.990623360585303824e-04
3.322179999999999836e+03 3.145250000000000042e-03 -4.646567303776649553e-04
3.322250000000000000e+03 2.233220000000000170e-03 -4.336427676787716051e-04
3.322329999999999927e+03 -4.325409999999999910e-04 -3.971163266884283546e-04
3.322400000000000091e+03 -2.331219999999999950e-04 -3.641712279765113060e-04
3.322480000000000018e+03 1.626990000000000033e-03 -3.253471415666070975e-04
3.322550000000000182e+03 1.577810000000000020e-03 -2.903083463413741721e-04
3.322630000000000109e+03 1.653739999999999898e-03 -2.489913038318590337e-04
3.322699999999999818e+03 1.606460000000000093e-03 -2.116790830035014150e-04
3.322780000000000200e+03 -1.080079999999999972e-03 -1.676529515660110051e-04
3.322849999999999909e+03 -2.492980000000000109e-03 -1.278682334139797164e-04
3.322929999999999836e+03 -9.312609999999999595e-04 -8.089339714785828694e-05
3.323000000000000000e+03 6.237540000000000185e-04 -3.841527265430882965e-05
3.323079999999999927e+03 2.359480000000000171e-03 1.177442432237149617e-05
3.323150000000000091e+03 4.792799999999999838e-03 5.719157075098537518e-05
3.323230000000000018e+03 5.730569999999999935e-03 1.108923444611471278e-04
3.323300000000000182e+03 5.413939999999999898e-03 1.595221430978721426e-04
3.323380000000000109e+03 2.459480000000000000e-03 2.170643332468817979e-04
3.323449999999999818e+03 -1.264549999999999919e-03 2.692122525639315846e-04
3.323530000000000200e+03 8.961420000000000540e-04 3.309650251776818930e-04
3.323599999999999909e+03 6.656470000000000269e-03 3.869728024138907249e-04
3.323679999999999836e+03 8.274820000000000439e-03 4.533496062486719498e-04
3.323750000000000000e+03 5.370109999999999988e-03 5.136003949675073919e-04
3.323829999999999927e+03 3.501699999999999952e-03 5.850653095100734509e-04
3.323900000000000091e+03 2.765679999999999961e-03 6.499896764824192492e-04
3.323980000000000018e+03 1.656090000000000036e-03 7.270648176696402516e-04
3.324050000000000182e+03 2.172729999999999887e-03 7.971477488678624726e-04
3.324130000000000109e+03 4.500500000000000160e-03 8.804219334577305378e-04
3.324199999999999818e+03 4.900029999999999664e-03 9.562110427183798285e-04
3.324280000000000200e+03 4.520119999999999867e-03 1.046349955117546054e-03
3.324349999999999909e+03 4.900780000000000414e-03 1.128465130742502699e-03
3.324429999999999836e+03 4.640599999999999933e-03 1.226223289132970847e-03
3.324500000000000000e+03 5.768419999999999798e-03 1.315368065365927434e-03
3.324579999999999927e+03 8.635500000000000814e-03 1.421602949823524628e-03
3.324650000000000091e+03 1.057869999999999991e-02 1.518577954410826533e-03
3.324730000000000018e+03 1.039849999999999976e-02 1.634266741721645579e-03
3.324800000000000182e+03 8.646459999999999910e-03 1.739985650986995962e-03
3.324880000000000109e+03 9.761900000000000438e-03 1.866245103475383527e-03
3.324949999999999818e+03 1.462169999999999963e-02 1.981753636842449595e-03
3.325030000000000200e+03 1.475199999999999949e-02 2.119863821303523063e-03
3.325099999999999909e+03 1.107769999999999935e-02 2.246362433638976301e-03
3.325179999999999836e+03 8.526090000000000058e-03 2.397795108775011876e-03
3.325250000000000000e+03 7.397860000000000026e-03 2.536666198551744411e-03
3.325329999999999927e+03 9.105759999999999202e-03 2.703118914680441645e-03
3.325400000000000091e+03 9.689629999999999424e-03 2.855959568345551106e-03
3.325480000000000018e+03 7.034470000000000132e-03 3.039396783959682526e-03
3.325550000000000182e+03 7.961750000000000077e-03 3.208058334456889010e-03
3.325630000000000109e+03 1.078540000000000054e-02 3.410761186870335179e-03
3.325699999999999818e+03 9.302309999999999399e-03 3.597397193347239702e-03
3.325780000000000200e+03 7.216629999999999920e-03 3.822023986486212943e-03
3.325849999999999909e+03 7.207609999999999711e-03 4.029148664366346416e-03
3.325929999999999836e+03 4.994919999999999916e-03 4.278808684036192536e-03
3.326000000000000000e+03 2.834940000000000203e-03 4.509368358142520558e-03
3.326079999999999927e+03 5.529639999999999729e-03 4.787712331091087230e-03
3.326150000000000091e+03 6.975710000000000417e-03 5.045173186911354468e-03
3.326230000000000018e+03 6.906169999999999670e-03 5.356504613854037693e-03
3.326300000000000182e+03 8.255939999999999807e-03 5.644960932807775549e-03
3.326380000000000109e+03 4.644940000000000180e-03 5.994373712502455362e-03
3.326449999999999818e+03 -6.828480000000000053e-04 6.318681961595159005e-03
3.326530000000000200e+03 -4.013789999999999936e-04 6.712231268753041449e-03
3.326599999999999909e+03 2.709370000000000007e-03 7.078176959535692481e-03
3.326679999999999836e+03 2.421319999999999809e-03 7.523092356767813529e-03
3.326750000000000000e+03 4.039460000000000251e-04 7.937598605850646263e-03
3.326829999999999927e+03 5.688699999999999660e-04 8.442551006274039843e-03
3.326900000000000091e+03 -2.979060000000000171e-04 8.913940366450138000e-03
3.326980000000000018e+03 -1.041140000000000078e-03 9.489377908603657819e-03
3.327050000000000182e+03 -2.126840000000000067e-03 1.002770248295876618e-02
3.327130000000000109e+03 -2.914570000000000008e-03 1.068627487298895104e-02
3.327199999999999818e+03 7.370350000000000339e-04 1.130373420659179333e-02
3.327280000000000200e+03 5.528800000000000381e-03 1.206083091518346702e-02
3.327349999999999909e+03 7.939369999999999414e-03 1.277230295512075953e-02
3.327429999999999836e+03 7.634349999999999817e-03 1.364673815970182322e-02
3.327500000000000000e+03 7.988449999999999371e-03 1.447045597969181391e-02
3.327579999999999927e+03 8.822220000000000409e-03 1.548534264235746846e-02
3.327650000000000091e+03 7.915949999999999723e-03 1.644375889443852601e-02
3.327730000000000018e+03 9.165319999999999370e-03 1.762762606612982771e-02
3.327800000000000182e+03 1.065679999999999926e-02 1.874851829808721684e-02
3.327880000000000109e+03 9.118350000000000760e-03 2.013673945025130918e-02
3.327949999999999818e+03 9.009470000000000325e-03 2.145462201012752340e-02
3.328030000000000200e+03 1.249660000000000007e-02 2.309123674469791554e-02
3.328099999999999909e+03 1.634999999999999995e-02 2.464915718274503231e-02
3.328179999999999836e+03 1.926229999999999956e-02 2.658918067960525794e-02
3.328250000000000000e+03 2.044690000000000049e-02 2.844098571657870458e-02
3.328329999999999927e+03 1.841989999999999947e-02 3.075330164194390453e-02
3.328400000000000091e+03 1.708519999999999830e-02 3.296644930725014383e-02
3.328480000000000018e+03 1.913979999999999848e-02 3.573735474087789965e-02
3.328550000000000182e+03 2.190100000000000033e-02 3.839630240345392326e-02
3.328630000000000109e+03 2.435479999999999937e-02 4.173367994544423254e-02
3.328699999999999818e+03 2.774889999999999995e-02 4.494374540177700078e-02
3.328780000000000200e+03 3.260860000000000147e-02 4.898160091971941882e-02
3.328849999999999909e+03 3.601490000000000247e-02 5.287288010720177928e-02
3.328929999999999836e+03 3.938300000000000134e-02 5.777545109224991454e-02
3.329000000000000000e+03 4.572009999999999963e-02 6.250569400248665031e-02
3.329079999999999927e+03 5.352570000000000244e-02 6.846920632289460462e-02
3.329150000000000091e+03 6.239530000000000076e-02 7.422314648210458221e-02
3.329230000000000018e+03 7.210129999999999317e-02 8.147102570752397244e-02
3.329300000000000182e+03 8.244010000000000227e-02 8.845088773320640418e-02
3.329380000000000109e+03 9.124730000000000341e-02 9.721386451621517877e-02
3.329449999999999818e+03 1.032229999999999953e-01 1.056105959882673861e-01
3.329530000000000200e+03 1.200190000000000007e-01 1.160752684311149030e-01
3.329599999999999909e+03 1.381509999999999960e-01 1.260011153166177567e-01
3.329679999999999836e+03 1.589419999999999999e-01 1.381977872278693786e-01
3.329750000000000000e+03 1.782529999999999948e-01 1.495476471804469132e-01
3.329829999999999927e+03 1.961970000000000103e-01 1.631320474486770977e-01
3.329900000000000091e+03 2.119459999999999955e-01 1.753283203306609250e-01
3.329980000000000018e+03 2.227790000000000048e-01 1.892049893972753416e-01
3.330050000000000182e+03 2.318929999999999880e-01 2.007904888530315235e-01
3.330130000000000109e+03 2.374189999999999912e-01 2.125725491301900250e-01
3.330199999999999818e+03 2.363520000000000065e-01 2.207097839621639801e-01
3.330280000000000200e+03 2.291459999999999886e-01 2.262092501771299224e-01
3.330349999999999909e+03 2.153239999999999876e-01 2.264251613652673023e-01
3.330429999999999836e+03 1.966090000000000060e-01 2.198186428243477375e-01
3.330500000000000000e+03 1.767589999999999995e-01 2.068001707175751713e-01
3.330579999999999927e+03 1.532560000000000033e-01 1.825724842886831678e-01
3.330650000000000091e+03 1.243630000000000013e-01 1.528997964031827972e-01
3.330730000000000018e+03 8.853969999999999896e-02 1.099758612840649047e-01
3.330800000000000182e+03 4.792910000000000226e-02 6.606860937133764156e-02
3.330880000000000109e+03 1.242620000000000009e-02 1.153762984207038454e-02
3.330949999999999818e+03 -2.096059999999999937e-02 -3.696062093195007225e-02
3.331030000000000200e+03 -5.926590000000000330e-02 -8.953164796984683371e-02
3.331099999999999909e+03 -9.831180000000000474e-02 -1.302768541775102262e-01
3.331179999999999836e+03 -1.315759999999999985e-01 -1.684805244472848962e-01
3.331250000000000000e+03 -1.578019999999999978e-01 -1.935848299980794662e-01
3.331329999999999927e+03 -1.784650000000000125e-01 -2.126698181656713205e-01
3.331400000000000091e+03 -1.977490000000000081e-01 -2.216203005776055390e-01
3.331480000000000018e+03 -2.144719999999999960e-01 -2.243277830564612552e-01
3.331550000000000182e+03 -2.190459999999999907e-01 -2.214357258818662744e-01
3.331630000000000109e+03 -2.161690000000000000e-01 -2.136932363760963294e-01
3.331699999999999818e+03 -2.134900000000000131e-01 -2.042245430090825764e-01
3.331780000000000200e+03 -2.058399999999999952e-01 -1.915112151926587625e-01
3.331849999999999909e+03 -1.934670000000000001e-01 -1.795138069982088747e-01
3.331929999999999836e+03 -1.798170000000000046e-01 -1.655030794527053428e-01
3.332000000000000000e+03 -1.642280000000000129e-01 -1.533968085989456387e-01
3.332079999999999927e+03 -1.485269999999999924e-01 -1.400692182379896511e-01
3.332150000000000091e+03 -1.349440000000000084e-01 -1.290259789111686539e-01
3.332230000000000018e+03 -1.199349999999999999e-01 -1.172271643770580324e-01
3.332300000000000182e+03 -1.031709999999999988e-01 -1.076636868194336821e-01
3.332380000000000109e+03 -9.134849999999999914e-02 -9.760729627722944390e-02
3.332449999999999818e+03 -8.173950000000000660e-02 -8.955069256218452234e-02
3.332530000000000200e+03 -7.129900000000000126e-02 -8.114815598100390270e-02
3.332599999999999909e+03 -6.418859999999999844e-02 -7.445497577514761933e-02
3.332679999999999836e+03 -5.598240000000000161e-02 -6.749991406258318283e-02
3.332750000000000000e+03 -4.710709999999999897e-02 -6.197155755041352382e-02
3.332829999999999927e+03 -4.545729999999999910e-02 -5.623180518446337789e-02
3.332900000000000091e+03 -4.388580000000000259e-02 -5.166894740028392385e-02
3.332980000000000018e+03 -3.591749999999999804e-02 -4.692725103510188983e-02
3.333050000000000182e+03 -2.881010000000000168e-02 -4.315196695388563708e-02
3.333130000000000109e+03 -2.484839999999999965e-02 -3.922060650319783570e-02
3.333199999999999818e+03 -2.202720000000000025e-02 -3.608273596726682686e-02
3.333280000000000200e+03 -2.039140000000000050e-02 -3.280594679504189592e-02
3.333349999999999909e+03 -1.909059999999999924e-02 -3.018244597974832980e-02
3.333429999999999836e+03 -1.633990000000000095e-02 -2.743374724912337956e-02
3.333500000000000000e+03 -1.144919999999999966e-02 -2.522537025536645411e-02
3.333579999999999927e+03 -8.669970000000000801e-03 -2.290322349719405015e-02
3.333650000000000091e+03 -9.552349999999999383e-03 -2.103055885780905770e-02
3.333730000000000018e+03 -1.134420000000000046e-02 -1.905389173301903771e-02
3.333800000000000182e+03 -1.164429999999999979e-02 -1.745361624862087901e-02
3.333880000000000109e+03 -9.308910000000000101e-03 -1.575782038716147526e-02
3.333949999999999818e+03 -8.481119999999999978e-03 -1.437947617330559424e-02
3.334030000000000200e+03 -1.039859999999999916e-02 -1.291305606949098850e-02
3.334099999999999909e+03 -9.781740000000000573e-03 -1.171640539433704484e-02
3.334179999999999836e+03 -7.860560000000000810e-03 -1.043826822653666150e-02
3.334250000000000000e+03 -7.657249999999999994e-03 -9.391178002876799519e-03
3.334329999999999927e+03 -8.533989999999999979e-03 -8.268484097626338861e-03
3.334400000000000091e+03 -1.161279999999999951e-02 -7.345258630619177012e-03
3.334480000000000018e+03 -9.956080000000000832e-03 -6.351735367957081317e-03
3.334550000000000182e+03 -4.493679999999999897e-03 -5.531813200567951144e-03
3.334630000000000109e+03 -5.477609999999999944e-03 -4.646440504443382843e-03
3.334699999999999818e+03 -7.728610000000000341e-03 -3.913380320040089205e-03
3.334780000000000200e+03 -6.631230000000000110e-03 -3.119368959391239163e-03
3.334849999999999909e+03 -5.306130000000000048e-03 -2.460061945474904463e-03
3.334929999999999836e+03 -5.610910000000000203e-03 -1.744060209655610982e-03
3.335000000000000000e+03 -7.426649999999999918e-03 -1.148118401667069452e-03
3.335079999999999927e+03 -8.650770000000000334e-03 -4.995956940531320542e-04
3.335150000000000091e+03 -8.289519999999999875e-03 4.112374483994461066e-05
3.335230000000000018e+03 -8.834929999999999520e-03 6.303570544258681185e-04
3.335300000000000182e+03 -9.636330000000000243e-03 1.122123207967239827e-03
3.335380000000000109e+03 -8.223400000000000501e-03 1.658291763240909815e-03
3.335449999999999818e+03 -6.874129999999999997e-03 2.105791982366363689e-03
3.335530000000000200e+03 -7.482789999999999581e-03 2.593452744523229957e-03
3.335599999999999909e+03 -8.304670000000000107e-03 3.000025278689901799e-03
3.335679999999999836e+03 -6.400610000000000153e-03 3.442306666130029620e-03
3.335750000000000000e+03 -4.217280000000000334e-03 3.810130107356999273e-03
3.335829999999999927e+03 -3.611360000000000091e-03 4.208929774052980709e-03
3.335900000000000091e+03 -2.697049999999999882e-03 4.539182719820594736e-03
3.335980000000000018e+03 -3.028850000000000032e-03 4.895338016847713275e-03
3.336050000000000182e+03 -5.608179999999999936e-03 5.188340265305891458e-03
3.336130000000000109e+03 -5.317139999999999714e-03 5.501783335510062982e-03
3.336199999999999818e+03 -2.874709999999999939e-03 5.757128297911737191e-03
3.336280000000000200e+03 -3.552800000000000055e-03 6.027036062339296424e-03
3.336349999999999909e+03 -3.270470000000000148e-03 6.243722695137803383e-03
3.336429999999999836e+03 1.378730000000000012e-06 6.468670462108241578e-03
3.336500000000000000e+03 7.293479999999999972e-04 6.645241682632955019e-03
3.336579999999999927e+03 8.043329999999999577e-04 6.823367524669544243e-03
3.336650000000000091e+03 5.488840000000000038e-03 6.958060595305166560e-03
3.336730000000000018e+03 8.920569999999999194e-03 7.087245797509043876e-03
3.336800000000000182e+03 7.103670000000000297e-03 7.178158385006030984e-03
3.336880000000000109e+03 5.587080000000000345e-03 7.256227011060741375e-03
3.336949999999999818e+03 6.348580000000000369e-03 7.301500433852026184e-03
3.337030000000000200e+03 7.140600000000000419e-03 7.326438284057630937e-03
3.337099999999999909e+03 8.209340000000000734e-03 7.324456801847904069e-03
3.337179999999999836e+03 1.066450000000000037e-02 7.294646745316385114e-03
3.337250000000000000e+03 1.278810000000000016e-02 7.244248667264190089e-03
3.337329999999999927e+03 1.433429999999999947e-02 7.158715635835264171e-03
3.337400000000000091e+03 1.562809999999999894e-02 7.059408693187361333e-03
3.337480000000000018e+03 1.569179999999999880e-02 6.918063795173793468e-03
3.337550000000000182e+03 1.465920000000000070e-02 6.770233943758238726e-03
3.337630000000000109e+03 1.317330000000000063e-02 6.574103613322229353e-03
3.337699999999999818e+03 1.273919999999999914e-02 6.379203631275320169e-03
3.337780000000000200e+03 1.256889999999999917e-02 6.130627024004152437e-03
3.337849999999999909e+03 9.980829999999999563e-03 5.891329468021202359e-03
3.337929999999999836e+03 5.763670000000000251e-03 5.594106055278467299e-03
3.338000000000000000e+03 4.862870000000000040e-03 5.314404861233057963e-03
3.338079999999999927e+03 6.158359999999999876e-03 4.973874926134158603e-03
3.338150000000000091e+03 5.913060000000000364e-03 4.659121612424782337e-03
3.338230000000000018e+03 2.577059999999999941e-03 4.282165483228997718e-03
3.338300000000000182e+03 -1.481789999999999973e-03 3.939029737285206986e-03
3.338380000000000109e+03 -2.600290000000000002e-04 3.533977159005979168e-03
3.338449999999999818e+03 2.228659999999999929e-03 3.170327424552161349e-03
3.338530000000000200e+03 3.916699999999999956e-04 2.746776093067010080e-03
3.338599999999999909e+03 -4.482650000000000350e-03 2.371483103879419574e-03
3.338679999999999836e+03 -7.117100000000000336e-03 1.940034252763368598e-03
3.338750000000000000e+03 -5.601550000000000279e-03 1.562708392857332061e-03
3.338829999999999927e+03 -6.265539999999999998e-03 1.134636261218262797e-03
3.338900000000000091e+03 -1.030780000000000064e-02 7.653170502977674206e-04
3.338980000000000018e+03 -1.272509999999999961e-02 3.521967385219926250e-04
3.339050000000000182e+03 -1.184110000000000024e-02 1.018492976765511537e-06
3.339130000000000109e+03 -1.284919999999999986e-02 -3.856580984917049038e-04
3.339199999999999818e+03 -1.637720000000000148e-02 -7.087972379117113246e-04
3.339280000000000200e+03 -1.435050000000000041e-02 -1.057985855688592033e-03
3.339349999999999909e+03 -1.235089999999999973e-02 -1.343724330585658808e-03
3.339429999999999836e+03 -1.759159999999999890e-02 -1.645143482000270378e-03
3.339500000000000000e+03 -1.955600000000000047e-02 -1.884902062390642064e-03
3.339579999999999927e+03 -1.541129999999999931e-02 -2.129274193106321308e-03
3.339650000000000091e+03 -1.254450000000000010e-02 -2.315428622312171864e-03
3.339730000000000018e+03 -1.003639999999999914e-02 -2.494630274907734015e-03
3.339800000000000182e+03 -7.893850000000000866e-03 -2.620599604593742624e-03
3.339880000000000109e+03 -9.188939999999999608e-03 -2.727712139155524969e-03
3.339949999999999818e+03 -1.202010000000000058e-02 -2.787959184185334095e-03
3.340030000000000200e+03 -9.740860000000000490e-03 -2.817220103513918411e-03
3.340099999999999909e+03 -4.667390000000000427e-03 -2.807167361523272425e-03
3.340179999999999836e+03 -4.561220000000000378e-03 -2.753829366571796528e-03
3.340250000000000000e+03 -3.891509999999999934e-03 -2.669699050795998688e-03
3.340329999999999927e+03 -3.687590000000000247e-04 -2.529808836768848365e-03
3.340400000000000091e+03 2.810819999999999898e-03 -2.368398833800803432e-03
3.340480000000000018e+03 7.392430000000000181e-03 -2.138509940301243362e-03
3.340550000000000182e+03 8.832029999999999395e-03 -1.896918378465220142e-03
3.340630000000000109e+03 3.751410000000000161e-03 -1.573752153541999738e-03
3.340699999999999818e+03 -3.274339999999999977e-06 -1.249062022227765203e-03
3.340780000000000200e+03 5.268459999999999983e-03 -8.291282788495616535e-04
3.340849999999999909e+03 1.596099999999999949e-02 -4.180605486942354926e-04
3.340929999999999836e+03 1.965839999999999949e-02 1.027547283917202431e-04
3.341000000000000000e+03 1.431220000000000062e-02 6.042153204391925020e-04
3.341079999999999927e+03 1.088270000000000036e-02 1.231093314035397457e-03
3.341150000000000091e+03 1.391640000000000064e-02 1.828100822065801753e-03
3.341230000000000018e+03 1.789299999999999918e-02 2.567768645639692537e-03
3.341300000000000182e+03 1.574789999999999870e-02 3.267053591961052023e-03
3.341380000000000109e+03 1.068580000000000051e-02 4.128309727955432190e-03
3.341449999999999818e+03 1.149739999999999963e-02 4.938664931035887870e-03
3.341530000000000200e+03 1.405840000000000041e-02 5.932970037374746611e-03
3.341599999999999909e+03 1.274969999999999923e-02 6.865804431740445135e-03
3.341679999999999836e+03 1.342269999999999922e-02 8.007964409213089857e-03
3.341750000000000000e+03 1.649979999999999850e-02 9.077952321480734638e-03
3.341829999999999927e+03 1.463730000000000066e-02 1.038692988225414782e-02
3.341900000000000091e+03 1.002789999999999931e-02 1.161279208252648937e-02
3.341980000000000018e+03 8.513980000000000853e-03 1.311269411286527728e-02
3.342050000000000182e+03 9.524470000000000158e-03 1.451815759357382579e-02
3.342130000000000109e+03 1.084109999999999935e-02 1.623945903437504917e-02
3.342199999999999818e+03 1.128840000000000052e-02 1.785445548723000458e-02
3.342280000000000200e+03 1.240540000000000045e-02 1.983553694420471872e-02
3.342349999999999909e+03 1.445689999999999996e-02 2.169771584819922550e-02
3.342429999999999836e+03 1.586579999999999935e-02 2.398681215772383371e-02
3.342500000000000000e+03 1.737910000000000149e-02 2.614346343926682303e-02
3.342579999999999927e+03 1.759979999999999878e-02 2.880114373375867315e-02
3.342650000000000091e+03 1.677810000000000065e-02 3.131164633289422461e-02
3.342730000000000018e+03 1.762450000000000128e-02 3.441397084313877613e-02
3.342800000000000182e+03 1.803000000000000089e-02 3.735290418972182780e-02
3.342880000000000109e+03 2.098150000000000015e-02 4.099542335116027753e-02
3.342949999999999818e+03 2.510580000000000103e-02 4.445649080873931985e-02
3.343030000000000200e+03 2.495409999999999989e-02 4.875925433953336163e-02
3.343099999999999909e+03 2.541749999999999912e-02 5.286015296821008208e-02
3.343179999999999836e+03 2.821390000000000009e-02 5.797384981875691734e-02
3.343250000000000000e+03 3.366260000000000085e-02 6.286214030659965923e-02
3.343329999999999927e+03 3.918680000000000080e-02 6.897533022410179404e-02
3.343400000000000091e+03 4.240270000000000150e-02 7.483513376791735283e-02
3.343480000000000018e+03 4.803990000000000343e-02 8.218212620783807432e-02
3.343550000000000182e+03 5.831259999999999916e-02 8.924093923414641583e-02
3.343630000000000109e+03 6.907739999999999714e-02 9.810896523712685224e-02
3.343699999999999818e+03 7.617599999999999372e-02 1.066427219162007917e-01
3.343780000000000200e+03 8.475660000000000138e-02 1.173751313673801200e-01
3.343849999999999909e+03 9.994630000000000181e-02 1.277072659808750066e-01
3.343929999999999836e+03 1.177529999999999966e-01 1.406956606848724645e-01
3.344000000000000000e+03 1.353739999999999943e-01 1.531812902930654585e-01
3.344079999999999927e+03 1.555010000000000003e-01 1.688322687455693361e-01
3.344150000000000091e+03 1.766890000000000127e-01 1.838101375204484744e-01
3.344230000000000018e+03 1.984849999999999948e-01 2.024596399997707630e-01
3.344300000000000182e+03 2.241680000000000061e-01 2.201404106508046965e-01
3.344380000000000109e+03 2.531289999999999929e-01 2.418692632146280386e-01
3.344449999999999818e+03 2.830610000000000070e-01 2.621097312884396180e-01
3.344530000000000200e+03 3.149190000000000045e-01 2.863928754638773722e-01
3.344599999999999909e+03 3.493060000000000054e-01 3.082929774386888866e-01
3.344679999999999836e+03 3.836189999999999878e-01 3.334184492389873355e-01
3.344750000000000000e+03 4.133789999999999965e-01 3.547127212151270914e-01
3.344829999999999927e+03 4.358589999999999964e-01 3.770101298848295146e-01
3.344900000000000091e+03 4.498389999999999889e-01 3.934013036882347825e-01
3.344980000000000018e+03 4.521410000000000151e-01 4.066519622962175839e-01
3.345050000000000182e+03 4.439710000000000045e-01 4.116498744430212575e-01
3.345130000000000109e+03 4.305990000000000095e-01 4.076201558414485060e-01
3.345199999999999818e+03 4.100090000000000123e-01 3.939006223987301381e-01
3.345280000000000200e+03 3.749850000000000128e-01 3.651081991770930291e-01
3.345349999999999909e+03 3.280049999999999910e-01 3.279160878912813493e-01
3.345429999999999836e+03 2.725000000000000200e-01 2.721198940580542569e-01
3.345500000000000000e+03 2.078649999999999942e-01 2.129350870898366610e-01
3.345579999999999927e+03 1.376330000000000053e-01 1.359170182863923271e-01
3.345650000000000091e+03 6.530560000000000531e-02 6.296645608241280279e-02
3.345730000000000018e+03 -7.182840000000000232e-03 -2.319110059568422685e-02
3.345800000000000182e+03 -7.835780000000000522e-02 -9.789248262180004490e-02
3.345880000000000109e+03 -1.483379999999999976e-01 -1.787959679517026612e-01
3.345949999999999818e+03 -2.151450000000000029e-01 -2.428133971023609394e-01
3.346030000000000200e+03 -2.731720000000000259e-01 -3.053525704824503473e-01
3.346099999999999909e+03 -3.191249999999999920e-01 -3.490510076708193132e-01
3.346179999999999836e+03 -3.592529999999999890e-01 -3.853660744861661103e-01
3.346250000000000000e+03 -3.926499999999999990e-01 -4.052752682613027790e-01
3.346329999999999927e+03 -4.135489999999999999e-01 -4.155037732277624407e-01
3.346400000000000091e+03 -4.258899999999999908e-01 -4.149546292667440905e-01
3.346480000000000018e+03 -4.245610000000000217e-01 -4.055956686259905020e-01
3.346550000000000182e+03 -4.139689999999999759e-01 -3.916145508874665504e-01
3.346630000000000109e+03 -4.007109999999999839e-01 -3.710778599781405784e-01
3.346699999999999818e+03 -3.783850000000000269e-01 -3.506088717306248270e-01
3.346780000000000200e+03 -3.544320000000000248e-01 -3.257983207298387196e-01
3.346849999999999909e+03 -3.319900000000000073e-01 -3.037689319756760042e-01
3.346929999999999836e+03 -3.032369999999999788e-01 -2.790215842197629748e-01
3.347000000000000000e+03 -2.696310000000000096e-01 -2.581956051391177676e-01
3.347079999999999927e+03 -2.370909999999999962e-01 -2.356813060071543398e-01
3.347150000000000091e+03 -2.089759999999999951e-01 -2.172656272424194901e-01
3.347230000000000018e+03 -1.844739999999999991e-01 -1.977670929656566989e-01
3.347300000000000182e+03 -1.617129999999999956e-01 -1.820637009561195674e-01
3.347380000000000109e+03 -1.414980000000000127e-01 -1.656225967968045776e-01
3.347449999999999818e+03 -1.249190000000000023e-01 -1.524890559122328015e-01
3.347530000000000200e+03 -1.124229999999999952e-01 -1.388152878300532023e-01
3.347599999999999909e+03 -9.943689999999999474e-02 -1.279329747609148638e-01
3.347679999999999836e+03 -8.612459999999999560e-02 -1.166274277644998164e-01
3.347750000000000000e+03 -7.715729999999999811e-02 -1.076387208888976849e-01
3.347829999999999927e+03 -6.928170000000000162e-02 -9.830047170298618353e-02
3.347900000000000091e+03 -6.128480000000000039e-02 -9.087041673741404202e-02
3.347980000000000018e+03 -5.435149999999999704e-02 -8.314098878289098715e-02
3.348050000000000182e+03 -4.899680000000000007e-02 -7.697975699615910994e-02
3.348130000000000109e+03 -4.484590000000000104e-02 -7.055610930780978340e-02
3.348199999999999818e+03 -4.390859999999999902e-02 -6.542285939230978176e-02
3.348280000000000200e+03 -4.315170000000000117e-02 -6.005628718874349986e-02
3.348349999999999909e+03 -3.525820000000000343e-02 -5.575517769161383169e-02
3.348429999999999836e+03 -2.944060000000000080e-02 -5.124478239218411418e-02
3.348500000000000000e+03 -2.928129999999999969e-02 -4.761837366106000391e-02
3.348579999999999927e+03 -2.586050000000000154e-02 -4.380317885094155150e-02
3.348650000000000091e+03 -2.260130000000000125e-02 -4.072559277515166998e-02
3.348730000000000018e+03 -2.365269999999999873e-02 -3.747705751416224168e-02
3.348800000000000182e+03 -2.513390000000000069e-02 -3.484784261554212809e-02
3.348880000000000109e+03 -2.605210000000000164e-02 -3.206340117146092017e-02
3.348949999999999818e+03 -2.756890000000000035e-02 -2.980238359535106185e-02
3.349030000000000200e+03 -2.933190000000000103e-02 -2.740013058845311433e-02
3.349099999999999909e+03 -2.974339999999999970e-02 -2.544324080274494929e-02
3.349179999999999836e+03 -2.951190000000000063e-02 -2.335767062498370072e-02
3.349250000000000000e+03 -3.244940000000000324e-02 -2.165362560981008017e-02
3.349329999999999927e+03 -3.691860000000000280e-02 -1.983226575485532925e-02
3.349400000000000091e+03 -3.713310000000000222e-02 -1.833995903063959446e-02
3.349480000000000018e+03 -3.283610000000000001e-02 -1.674072993592696373e-02
3.349550000000000182e+03 -2.838780000000000123e-02 -1.542718909097380922e-02
3.349630000000000109e+03 -2.643020000000000092e-02 -1.401634047702592263e-02
3.349699999999999818e+03 -2.632879999999999943e-02 -1.285513138305112435e-02
3.349780000000000200e+03 -2.720699999999999855e-02 -1.160562949132458964e-02
3.349849999999999909e+03 -2.520060000000000008e-02 -1.057560806753869362e-02
3.349929999999999836e+03 -2.181479999999999878e-02 -9.465872182207846208e-03
3.350000000000000000e+03 -2.268080000000000096e-02 -8.550204311199276902e-03
3.350079999999999927e+03 -2.362929999999999892e-02 -7.563111740311104052e-03
3.350150000000000091e+03 -2.313720000000000013e-02 -6.748498460380618520e-03
3.350230000000000018e+03 -1.976659999999999875e-02 -5.870594117916771645e-03
3.350300000000000182e+03 -1.452490000000000031e-02 -5.146652449776158850e-03
3.350380000000000109e+03 -1.352749999999999959e-02 -4.367512588503865908e-03
3.350449999999999818e+03 -1.417339999999999919e-02 -3.726272715418353990e-03
3.350530000000000200e+03 -1.379129999999999939e-02 -3.037982801140682709e-03
3.350599999999999909e+03 -1.248709999999999924e-02 -2.473470373287020400e-03
3.350679999999999836e+03 -1.519069999999999969e-02 -1.870185220906156551e-03
3.350750000000000000e+03 -1.799270000000000036e-02 -1.378063863754026104e-03
3.350829999999999927e+03 -1.275850000000000074e-02 -8.556245969221574609e-04
3.350900000000000091e+03 -8.555379999999999582e-03 -4.328787850077515497e-04
3.350980000000000018e+03 -8.693080000000000598e-03 1.153351432385627678e-05
3.351050000000000182e+03 -8.246919999999999598e-03 3.668907554298839364e-04
3.351130000000000109e+03 -8.128579999999999833e-03 7.350802052480654401e-04
3.351199999999999818e+03 -8.591480000000000297e-03 1.024286412929901330e-03
3.351280000000000200e+03 -7.378359999999999606e-03 1.317357448202677132e-03
3.351349999999999909e+03 -1.018040000000000004e-03 1.541174524132762555e-03
3.351429999999999836e+03 8.080139999999999545e-03 1.759843790730450819e-03
3.351500000000000000e+03 1.248080000000000023e-02 1.918830517919591604e-03
3.351579999999999927e+03 1.506140000000000083e-02 2.063737889026210671e-03
3.351650000000000091e+03 1.714660000000000142e-02 2.158521207470918968e-03
3.351730000000000018e+03 1.703790000000000165e-02 2.230537649814982523e-03
3.351800000000000182e+03 1.730009999999999881e-02 2.262078671646127435e-03
3.351880000000000109e+03 1.559579999999999994e-02 2.262604086271267564e-03
3.351949999999999818e+03 1.464949999999999933e-02 2.232450910372243275e-03
3.352030000000000200e+03 1.347310000000000001e-02 2.163690819750245346e-03
3.352099999999999909e+03 1.243900000000000040e-02 2.074206788692911640e-03
3.352179999999999836e+03 1.566369999999999915e-02 1.939413323471537824e-03
3.352250000000000000e+03 1.504879999999999933e-02 1.793966924485789274e-03
3.352329999999999927e+03 1.477520000000000049e-02 1.597627552715238063e-03
3.352400000000000091e+03 1.862240000000000076e-02 1.400729208955326429e-03
3.352480000000000018e+03 1.811669999999999947e-02 1.148686608274104154e-03
3.352550000000000182e+03 1.531390000000000008e-02 9.060585779217134733e-04
3.352630000000000109e+03 1.292040000000000029e-02 6.055473880417897893e-04
3.352699999999999818e+03 1.145080000000000056e-02 3.241161343254090298e-04
3.352780000000000200e+03 7.847599999999999715e-03 -1.629283678508805164e-05
3.352849999999999909e+03 1.897459999999999902e-03 -3.284871840807121815e-04
3.352929999999999836e+03 1.555340000000000108e-03 -6.990376753556997586e-04
3.353000000000000000e+03 1.480860000000000076e-03 -1.033013220161211471e-03
3.353079999999999927e+03 -2.512330000000000119e-03 -1.423002990064598699e-03
3.353150000000000091e+03 -4.037759999999999613e-03 -1.769080008317104082e-03
3.353230000000000018e+03 -4.820960000000000002e-03 -2.167173985364537030e-03
3.353300000000000182e+03 -6.905790000000000192e-03 -2.515274038774645889e-03
3.353380000000000109e+03 -9.017719999999999902e-03 -2.909868100940241325e-03
3.353449999999999818e+03 -1.025560000000000013e-02 -3.249845334331672927e-03
3.353530000000000200e+03 -9.015340000000000159e-03 -3.629451928784257087e-03
3.353599999999999909e+03 -9.764550000000000313e-03 -3.951429855475850975e-03
3.353679999999999836e+03 -1.589950000000000044e-02 -4.305054132947740489e-03
3.353750000000000000e+03 -2.164009999999999892e-02 -4.599740572097451609e-03
3.353829999999999927e+03 -2.197520000000000029e-02 -4.917216816516955906e-03
3.353900000000000091e+03 -2.116540000000000088e-02 -5.176172180928589536e-03
3.353980000000000018e+03 -2.379739999999999980e-02 -5.448434871461052889e-03
3.354050000000000182e+03 -2.726129999999999873e-02 -5.664274273980345747e-03
3.354130000000000109e+03 -2.769370000000000165e-02 -5.883545341553763144e-03
3.354199999999999818e+03 -2.364499999999999935e-02 -6.050062103462693422e-03
3.354280000000000200e+03 -1.864839999999999900e-02 -6.209944645585515829e-03
3.354349999999999909e+03 -1.505410000000000081e-02 -6.322150612750203347e-03
3.354429999999999836e+03 -1.276500000000000030e-02 -6.417628168951591307e-03
3.354500000000000000e+03 -1.292770000000000030e-02 -6.471713622429826895e-03
3.354579999999999927e+03 -1.383129999999999950e-02 -6.499061866931384740e-03
3.354650000000000091e+03 -1.462420000000000039e-02 -6.492283811058893392e-03
3.354730000000000018e+03 -1.418849999999999972e-02 -6.448907295309874027e-03
3.354800000000000182e+03 -1.187249999999999937e-02 -6.379418919603831867e-03
3.354880000000000109e+03 -8.121980000000000866e-03 -6.263628834408873844e-03
3.354949999999999818e+03 -4.427399999999999738e-03 -6.130264766992099025e-03
3.355030000000000200e+03 -4.485509999999999844e-03 -5.941014561780923534e-03
3.355099999999999909e+03 -7.101739999999999615e-03 -5.743046297995392166e-03
3.355179999999999836e+03 -1.155420000000000058e-02 -5.479640705075871851e-03
3.355250000000000000e+03 -1.266049999999999988e-02 -5.216514684822620707e-03
3.355329999999999927e+03 -4.889459999999999987e-03 -4.878304767261282260e-03
3.355400000000000091e+03 9.343689999999999982e-04 -4.549372484979719022e-03
3.355480000000000018e+03 -4.030830000000000003e-03 -4.135445340910204326e-03
3.355550000000000182e+03 -8.862550000000000289e-03 -3.739691100811339160e-03
3.355630000000000109e+03 -3.879089999999999969e-03 -3.248558344080415983e-03
3.355699999999999818e+03 2.794720000000000103e-03 -2.784326232844527675e-03
3.355780000000000200e+03 5.208370000000000360e-03 -2.213610728802558637e-03
3.355849999999999909e+03 4.849619999999999799e-03 -1.678328345757801711e-03
3.355929999999999836e+03 4.065489999999999729e-03 -1.024444142315923591e-03
3.356000000000000000e+03 5.100770000000000130e-03 -4.143367288658961981e-04
3.356079999999999927e+03 5.630600000000000362e-03 3.278472548891553894e-04
3.356150000000000091e+03 4.903610000000000087e-03 1.018062428877484875e-03
3.356230000000000018e+03 5.784319999999999913e-03 1.855588708559212201e-03
3.356300000000000182e+03 8.412509999999999780e-03 2.633041659461510600e-03
3.356380000000000109e+03 9.899979999999999197e-03 3.575278718906156269e-03
3.356449999999999818e+03 1.072790000000000028e-02 4.449337822009098199e-03
3.356530000000000200e+03 1.214729999999999976e-02 5.508466094840264171e-03
3.356599999999999909e+03 1.129170000000000000e-02 6.491203693777078398e-03
3.356679999999999836e+03 9.736850000000000019e-03 7.682802141029310486e-03
3.356750000000000000e+03 1.006879999999999928e-02 8.789563235381280676e-03
3.356829999999999927e+03 1.119299999999999982e-02 1.013333305465639357e-02
3.356900000000000091e+03 1.114030000000000055e-02 1.138344290017220470e-02
3.356980000000000018e+03 7.712779999999999810e-03 1.290411434505981704e-02
3.357050000000000182e+03 4.759470000000000020e-03 1.432177017408026165e-02
3.357130000000000109e+03 5.020779999999999861e-03 1.605025061306368517e-02
3.357199999999999818e+03 5.116279999999999960e-03 1.766565471074433083e-02
3.357280000000000200e+03 6.950089999999999914e-03 1.964049154746389317e-02
3.357349999999999909e+03 8.635989999999999639e-03 2.149129810347045685e-02
3.357429999999999836e+03 6.270969999999999843e-03 2.376054945638620200e-02
3.357500000000000000e+03 6.915659999999999689e-03 2.589371613588821799e-02
3.357579999999999927e+03 9.404420000000000140e-03 2.851734506251825049e-02
3.357650000000000091e+03 9.687070000000000750e-03 3.099150142917222323e-02
3.357730000000000018e+03 1.054429999999999951e-02 3.404443427533453137e-02
3.357800000000000182e+03 1.282499999999999959e-02 3.693290035121733761e-02
3.357880000000000109e+03 1.659199999999999911e-02 4.050891135427130141e-02
3.357949999999999818e+03 1.679649999999999893e-02 4.390351357632474999e-02
3.358030000000000200e+03 1.537939999999999967e-02 4.812010359331735793e-02
3.358099999999999909e+03 1.831560000000000132e-02 5.213592573633511057e-02
3.358179999999999836e+03 2.180409999999999987e-02 5.714032499165978135e-02
3.358250000000000000e+03 2.605820000000000011e-02 6.192146263940129236e-02
3.358329999999999927e+03 3.177449999999999719e-02 6.789774668118085665e-02
3.358400000000000091e+03 3.618980000000000113e-02 7.362393153708197968e-02
3.358480000000000018e+03 4.170630000000000170e-02 8.080087550469827740e-02
3.358550000000000182e+03 4.873179999999999873e-02 8.769435108443598970e-02
3.358630000000000109e+03 5.678380000000000233e-02 9.635282023380715988e-02
3.358699999999999818e+03 6.558329999999999715e-02 1.046837914068827202e-01
3.358780000000000200e+03 7.558600000000000041e-02 1.151607147754376836e-01
3.358849999999999909e+03 9.019860000000000377e-02 1.252475106621269429e-01
3.358929999999999836e+03 1.073790000000000022e-01 1.379299651372396796e-01
3.359000000000000000e+03 1.250870000000000037e-01 1.501257753129355554e-01
3.359079999999999927e+03 1.433570000000000122e-01 1.654219957841916999e-01
3.359150000000000091e+03 1.639929999999999999e-01 1.800721347040455111e-01
3.359230000000000018e+03 1.924119999999999997e-01 1.983343590284985802e-01
3.359300000000000182e+03 2.235689999999999900e-01 2.156747020816303095e-01
3.359380000000000109e+03 2.489760000000000029e-01 2.370301420297928341e-01
3.359449999999999818e+03 2.750250000000000195e-01 2.569787137245725939e-01
3.359530000000000200e+03 3.068699999999999761e-01 2.810032726166645789e-01
3.359599999999999909e+03 3.378709999999999769e-01 3.027821228582366908e-01
3.359679999999999836e+03 3.630999999999999783e-01 3.279492354246431596e-01
3.359750000000000000e+03 3.868909999999999849e-01 3.494987937589397742e-01
3.359829999999999927e+03 4.084889999999999910e-01 3.724208309260745864e-01
3.359900000000000091e+03 4.194220000000000170e-01 3.897209646854423726e-01
3.359980000000000018e+03 4.233319999999999861e-01 4.044985156725940945e-01
3.360050000000000182e+03 4.198089999999999877e-01 4.112964722292972164e-01
3.360130000000000109e+03 4.032399999999999873e-01 4.098461140532188018e-01
3.360199999999999818e+03 3.778349999999999764e-01 3.987735034710973014e-01
3.360280000000000200e+03 3.406089999999999951e-01 3.732912492021671635e-01
3.360349999999999909e+03 2.901949999999999807e-01 3.390518068013446129e-01
3.360429999999999836e+03 2.358190000000000008e-01 2.864256561895012210e-01
3.360500000000000000e+03 1.788859999999999895e-01 2.296164182706276480e-01
3.360579999999999927e+03 1.136530000000000040e-01 1.546446557470509131e-01
3.360650000000000091e+03 4.255520000000000136e-02 8.277925768865349032e-02
3.360730000000000018e+03 -2.771790000000000018e-02 -3.019834587389438191e-03
3.360800000000000182e+03 -9.796939999999999815e-02 -7.819562936413081145e-02
3.360880000000000109e+03 -1.670359999999999900e-01 -1.605116002999931735e-01
3.360949999999999818e+03 -2.281590000000000007e-01 -2.264523715423105155e-01
3.361030000000000200e+03 -2.819010000000000127e-01 -2.918167119982527646e-01
3.361099999999999909e+03 -3.298200000000000021e-01 -3.383465891332367859e-01
3.361179999999999836e+03 -3.680280000000000218e-01 -3.780413817398806664e-01
3.361250000000000000e+03 -3.972289999999999988e-01 -4.008121170802907418e-01
3.361329999999999927e+03 -4.162210000000000076e-01 -4.139833221235882377e-01
3.361400000000000091e+03 -4.239240000000000230e-01 -4.156016084316197512e-01
3.361480000000000018e+03 -4.262960000000000083e-01 -4.081899724287754161e-01
3.361550000000000182e+03 -4.213259999999999783e-01 -3.954529859963874516e-01
3.361630000000000109e+03 -4.045920000000000072e-01 -3.758645662139507015e-01
3.361699999999999818e+03 -3.809649999999999981e-01 -3.558759004708119678e-01
3.361780000000000200e+03 -3.553250000000000020e-01 -3.313003105387520852e-01
3.361849999999999909e+03 -3.300690000000000013e-01 -3.092697955729262205e-01
3.361929999999999836e+03 -3.043569999999999887e-01 -2.843554821647983344e-01
3.362000000000000000e+03 -2.772859999999999769e-01 -2.632865369156502933e-01
3.362079999999999927e+03 -2.525700000000000167e-01 -2.404283443800341591e-01
3.362150000000000091e+03 -2.296680000000000110e-01 -2.216814246280583156e-01
3.362230000000000018e+03 -2.056169999999999942e-01 -2.017931723489464202e-01
3.362300000000000182e+03 -1.812300000000000022e-01 -1.857524490718828192e-01
3.362380000000000109e+03 -1.598580000000000001e-01 -1.689404590698962982e-01
3.362449999999999818e+03 -1.427819999999999923e-01 -1.555004876457852514e-01
3.362530000000000200e+03 -1.286470000000000113e-01 -1.415006000945817910e-01
3.362599999999999909e+03 -1.147750000000000020e-01 -1.303551735902223063e-01
3.362679999999999836e+03 -1.007440000000000002e-01 -1.187744019529257261e-01
3.362750000000000000e+03 -9.215579999999999605e-02 -1.095664985889934218e-01
3.362829999999999927e+03 -8.539560000000000206e-02 -1.000011505515505106e-01
3.362900000000000091e+03 -7.508510000000000184e-02 -9.239155147263510004e-02
3.362980000000000018e+03 -6.834400000000000197e-02 -8.447715355814033877e-02
3.363050000000000182e+03 -6.533680000000000043e-02 -7.817035761964594154e-02
3.363130000000000109e+03 -6.187089999999999951e-02 -7.159734082639640507e-02
3.363199999999999818e+03 -5.765139999999999848e-02 -6.634698970807001439e-02
3.363280000000000200e+03 -5.312900000000000261e-02 -6.086073638582493311e-02
3.363349999999999909e+03 -4.851199999999999957e-02 -5.646623608582755638e-02
3.363429999999999836e+03 -4.453689999999999732e-02 -5.186093984545788599e-02
3.363500000000000000e+03 -4.149599999999999816e-02 -4.816102201055091903e-02
3.363579999999999927e+03 -3.637630000000000030e-02 -4.427185081519392773e-02
3.363650000000000091e+03 -3.144070000000000198e-02 -4.113769797022989727e-02
3.363730000000000018e+03 -2.973680000000000073e-02 -3.783321631863346968e-02
3.363800000000000182e+03 -3.040879999999999972e-02 -3.516222175340309036e-02
3.363880000000000109e+03 -3.126330000000000081e-02 -3.233779675108489071e-02
3.363949999999999818e+03 -3.230910000000000032e-02 -3.004829526707748083e-02
3.364030000000000200e+03 -3.320560000000000178e-02 -2.762064685496437924e-02
3.364099999999999909e+03 -3.102699999999999902e-02 -2.564762863107653695e-02
3.364179999999999836e+03 -3.096849999999999950e-02 -2.355044784121916937e-02
3.364250000000000000e+03 -3.417619999999999686e-02 -2.184214194230415379e-02
3.364329999999999927e+03 -3.547379999999999978e-02 -2.002261967465299858e-02
3.364400000000000091e+03 -3.497870000000000146e-02 -1.853779923895235507e-02
3.364480000000000018e+03 -3.532609999999999917e-02 -1.695389577051819099e-02
3.364550000000000182e+03 -3.727219999999999839e-02 -1.565976134380854881e-02
3.364630000000000109e+03 -3.570389999999999675e-02 -1.427806219816947150e-02
3.364699999999999818e+03 -3.257999999999999785e-02 -1.314857828405384746e-02
3.364780000000000200e+03 -3.082920000000000105e-02 -1.194260605863476342e-02
3.364849999999999909e+03 -3.291460000000000219e-02 -1.095718760289408900e-02
3.364929999999999836e+03 -3.867339999999999667e-02 -9.906063596137062999e-03
3.365000000000000000e+03 -3.842140000000000138e-02 -9.048529276008267924e-03
3.365079999999999927e+03 -3.219709999999999933e-02 -8.135900175277840582e-03
3.365150000000000091e+03 -2.848279999999999909e-02 -7.393626555169991940e-03
3.365230000000000018e+03 -2.910760000000000083e-02 -6.606789304930149771e-03
3.365300000000000182e+03 -2.950380000000000016e-02 -5.970014048158599554e-03
3.365380000000000109e+03 -2.845510000000000053e-02 -5.299186587788213068e-03
3.365449999999999818e+03 -2.629990000000000105e-02 -4.760420422764042973e-03
3.365530000000000200e+03 -2.366199999999999901e-02 -4.198117897910029657e-03
3.365599999999999909e+03 -2.306559999999999860e-02 -3.751634528409583235e-03
3.365679999999999836e+03 -2.376500000000000140e-02 -3.292120530811870963e-03
3.365750000000000000e+03 -2.139920000000000017e-02 -2.933501734794239594e-03
3.365829999999999927e+03 -2.002869999999999998e-02 -2.572292724703684544e-03
3.365900000000000091e+03 -2.289280000000000134e-02 -2.298012979187075491e-03
3.365980000000000018e+03 -2.216769999999999852e-02 -2.031421753317069583e-03
3.366050000000000182e+03 -1.547139999999999974e-02 -1.838463178509888978e-03
3.366130000000000109e+03 -1.086419999999999920e-02 -1.663174336773140744e-03
3.366199999999999818e+03 -1.176209999999999929e-02 -1.548668718469366039e-03
3.366280000000000200e+03 -9.742429999999999840e-03 -1.461345616398663843e-03
3.366349999999999909e+03 -5.821810000000000179e-03 -1.422245700537502072e-03
3.366429999999999836e+03 -4.348720000000000363e-03 -1.419174197859339633e-03
3.366500000000000000e+03 -3.332309999999999786e-03 -1.451961132916132621e-03
3.366579999999999927e+03 -4.509499999999999620e-03 -1.528740217284134699e-03
3.366650000000000091e+03 -5.164740000000000129e-03 -1.629177579724513068e-03
3.366730000000000018e+03 -1.983790000000000033e-03 -1.780470180128912580e-03
3.366800000000000182e+03 1.663860000000000079e-03 -1.943417009456137930e-03
3.366880000000000109e+03 1.808649999999999971e-03 -2.162775505025751280e-03
3.366949999999999818e+03 -1.023320000000000089e-03 -2.382070778446744586e-03
3.367030000000000200e+03 -4.412890000000000042e-03 -2.661850445102087025e-03
3.367099999999999909e+03 -2.983490000000000100e-03 -2.930279171215255125e-03
3.367179999999999836e+03 1.421079999999999913e-03 -3.261648929142497554e-03
3.367250000000000000e+03 2.214109999999999982e-04 -3.570995546109467095e-03
3.367329999999999927e+03 -4.360469999999999971e-03 -3.944049087920294128e-03
3.367400000000000091e+03 -5.389569999999999778e-03 -4.285237489399152180e-03
3.367480000000000018e+03 -4.157519999999999619e-03 -4.689199831414008618e-03
3.367550000000000182e+03 -4.627580000000000061e-03 -5.052511867207101250e-03
3.367630000000000109e+03 -4.388419999999999647e-03 -5.476027625835754378e-03
3.367699999999999818e+03 -6.029379999999999983e-03 -5.851384387518532293e-03
3.367780000000000200e+03 -9.448450000000000598e-03 -6.282865946024918449e-03
3.367849999999999909e+03 -9.686490000000000725e-03 -6.660149733088242645e-03
3.367929999999999836e+03 -1.010529999999999935e-02 -7.088157258089694025e-03
3.368000000000000000e+03 -1.125460000000000002e-02 -7.457547907500469003e-03
3.368079999999999927e+03 -1.232139999999999971e-02 -7.871169972870340620e-03
3.368150000000000091e+03 -1.484519999999999937e-02 -8.223467971046932029e-03
3.368230000000000018e+03 -1.714299999999999852e-02 -8.612671931739448311e-03
3.368300000000000182e+03 -1.964060000000000111e-02 -8.939582656430787935e-03
3.368380000000000109e+03 -1.877310000000000090e-02 -9.295507844720576202e-03
3.368449999999999818e+03 -1.414009999999999920e-02 -9.589866090903134688e-03
3.368530000000000200e+03 -1.765479999999999827e-02 -9.905039728024023910e-03
3.368599999999999909e+03 -2.513380000000000128e-02 -1.016096055943573571e-02
3.368679999999999836e+03 -2.558639999999999873e-02 -1.042942487289163535e-02
3.368750000000000000e+03 -2.207490000000000147e-02 -1.064237471126945091e-02
3.368829999999999927e+03 -1.970830000000000151e-02 -1.085972279724095255e-02
3.368900000000000091e+03 -2.171230000000000035e-02 -1.102651235352396404e-02
3.368980000000000018e+03 -2.539929999999999966e-02 -1.118983856200901454e-02
3.369050000000000182e+03 -2.570170000000000093e-02 -1.130854572848743848e-02
3.369130000000000109e+03 -2.208279999999999965e-02 -1.141632280267962547e-02
3.369199999999999818e+03 -1.992899999999999880e-02 -1.148615828594147514e-02
3.369280000000000200e+03 -2.001350000000000004e-02 -1.153805760368396653e-02
3.369349999999999909e+03 -1.872220000000000134e-02 -1.155918859839212554e-02
3.369429999999999836e+03 -1.667050000000000129e-02 -1.155586153188359853e-02
3.369500000000000000e+03 -1.270959999999999972e-02 -1.152920919236015418e-02
3.369579999999999927e+03 -9.296830000000000718e-03 -1.147204708300739520e-02
3.369650000000000091e+03 -1.205920000000000082e-02 -1.139907229374368357e-02
3.369730000000000018e+03 -1.444110000000000012e-02 -1.128996033622026336e-02
3.369800000000000182e+03 -1.186000000000000075e-02 -1.117244981465325207e-02
3.369880000000000109e+03 -1.266579999999999963e-02 -1.101352686363354753e-02
3.369949999999999818e+03 -1.412659999999999957e-02 -1.085338848143856463e-02
3.370030000000000200e+03 -1.175000000000000003e-02 -1.064682102053244456e-02
3.370099999999999909e+03 -9.353709999999999455e-03 -1.044589387524319860e-02
3.370179999999999836e+03 -6.430939999999999573e-03 -1.019366859862894624e-02
3.370250000000000000e+03 -4.156039999999999734e-03 -9.953550161623770168e-03
3.370329999999999927e+03 -2.268519999999999998e-03 -9.657286144496304847e-03
3.370400000000000091e+03 1.609500000000000037e-03 -9.379175974274086766e-03
3.370480000000000018e+03 9.540759999999999909e-04 -9.039954423981151621e-03
3.370550000000000182e+03 -3.049420000000000169e-03 -8.724511556276445812e-03
3.370630000000000109e+03 -3.627580000000000041e-03 -8.342718681352768312e-03
3.370699999999999818e+03 -3.435230000000000054e-03 -7.989927874940539257e-03
3.370780000000000200e+03 -5.397909999999999688e-03 -7.565104418644045224e-03
3.370849999999999909e+03 -8.102150000000000671e-03 -7.174144854706100520e-03
3.370929999999999836e+03 -5.668379999999999773e-03 -6.704834174218226445e-03
3.371000000000000000e+03 -2.004770000000000120e-04 -6.273942833746896409e-03
3.371079999999999927e+03 1.738909999999999978e-03 -5.757527880776914207e-03
3.371150000000000091e+03 2.529780000000000136e-03 -5.283848482766220073e-03
3.371230000000000018e+03 1.783960000000000016e-03 -4.716366442851520693e-03
3.371300000000000182e+03 1.524580000000000064e-05 -4.195773320526493232e-03
3.371380000000000109e+03 4.077540000000000157e-03 -3.571694763925846883e-03
3.371449999999999818e+03 9.106790000000000024e-03 -2.998579175539201145e-03
3.371530000000000200e+03 7.078840000000000306e-03 -2.310536111073292244e-03
3.371599999999999909e+03 1.328060000000000048e-03 -1.677539995880203850e-03
3.371679999999999836e+03 -6.089920000000000402e-04 -9.159839246163634964e-04
3.371750000000000000e+03 3.030950000000000137e-03 -2.136627697241386906e-04
3.371829999999999927e+03 5.229400000000000368e-03 6.335705985613419508e-04
3.371900000000000091e+03 3.584679999999999811e-03 1.417178601857127344e-03
3.371980000000000018e+03 4.988570000000000330e-03 2.365427218778475178e-03
3.372050000000000182e+03 7.372420000000000188e-03 3.245354486981906830e-03
3.372130000000000109e+03 3.627700000000000195e-03 4.313847417883165565e-03
3.372199999999999818e+03 2.132010000000000155e-03 5.308909201440628611e-03
3.372280000000000200e+03 7.408239999999999964e-03 6.521690547350715225e-03
3.372349999999999909e+03 1.003219999999999980e-02 7.655402168425223808e-03
3.372429999999999836e+03 7.048590000000000411e-03 9.042520496974241345e-03
3.372500000000000000e+03 2.098699999999999784e-03 1.034427722790661267e-02
3.372579999999999927e+03 8.816899999999999694e-04 1.194331353251275145e-02
3.372650000000000091e+03 3.330560000000000204e-03 1.344990332727488691e-02
3.372730000000000018e+03 2.889800000000000094e-03 1.530792461083446687e-02
3.372800000000000182e+03 3.149509999999999896e-03 1.706545501350873947e-02
3.372880000000000109e+03 6.463759999999999818e-03 1.924149017834218128e-02
3.372949999999999818e+03 9.582860000000000336e-03 2.130781420579684615e-02
3.373030000000000200e+03 1.309229999999999942e-02 2.387594340030697523e-02
3.373099999999999909e+03 1.396990000000000037e-02 2.632365128343463687e-02
3.373179999999999836e+03 1.248450000000000081e-02 2.937675618281480883e-02
3.373250000000000000e+03 1.512609999999999996e-02 3.229673139212300287e-02
3.373329999999999927e+03 2.097150000000000056e-02 3.595082409060421785e-02
3.373400000000000091e+03 2.575380000000000030e-02 3.945618318989155271e-02
3.373480000000000018e+03 2.967399999999999899e-02 4.385491823304048936e-02
3.373550000000000182e+03 3.242130000000000012e-02 4.808474501948274693e-02
3.373630000000000109e+03 3.658929999999999821e-02 5.340303072112436572e-02
3.373699999999999818e+03 4.485080000000000316e-02 5.852444283684796189e-02
3.373780000000000200e+03 5.739230000000000026e-02 6.496863763688033588e-02
3.373849999999999909e+03 6.982460000000000055e-02 7.117395242322578641e-02
3.373929999999999836e+03 7.725990000000000635e-02 7.897329230947010281e-02
3.374000000000000000e+03 8.447609999999999841e-02 8.646562359650722396e-02
3.374079999999999927e+03 9.279339999999999811e-02 9.584416725092045897e-02
3.374150000000000091e+03 1.023919999999999969e-01 1.047985073446965482e-01
3.374230000000000018e+03 1.199670000000000042e-01 1.159074945271885981e-01
3.374300000000000182e+03 1.422970000000000068e-01 1.263839307480561780e-01
3.374380000000000109e+03 1.591370000000000007e-01 1.391600963945548997e-01
3.374449999999999818e+03 1.700730000000000020e-01 1.509317542917238408e-01
3.374530000000000200e+03 1.825009999999999966e-01 1.648316122694087615e-01
3.374599999999999909e+03 1.991769999999999929e-01 1.770808356927859595e-01
3.374679999999999836e+03 2.153629999999999989e-01 1.906447321005408091e-01
3.374750000000000000e+03 2.256279999999999952e-01 2.015093830597753377e-01
3.374829999999999927e+03 2.295669999999999933e-01 2.117931094860937835e-01
3.374900000000000091e+03 2.296709999999999863e-01 2.178889703980751991e-01
3.374980000000000018e+03 2.272500000000000075e-01 2.200785730121209149e-01
3.375050000000000182e+03 2.192769999999999997e-01 2.164819698796277836e-01
3.375130000000000109e+03 1.982679999999999998e-01 2.045226422866196769e-01
3.375199999999999818e+03 1.705190000000000039e-01 1.861441207080331006e-01
3.375280000000000200e+03 1.450289999999999913e-01 1.554675828576223828e-01
3.375349999999999909e+03 1.149529999999999996e-01 1.204165775546704037e-01
3.375429999999999836e+03 7.754830000000000056e-02 7.242048626453652382e-02
3.375500000000000000e+03 3.736149999999999888e-02 2.563504537780261772e-02
3.375579999999999927e+03 -9.758780000000000102e-04 -2.987815736548491211e-02
3.375650000000000091e+03 -3.654170000000000335e-02 -7.707991249151541213e-02
3.375730000000000018e+03 -7.209369999999999667e-02 -1.259504528944445090e-01
3.375800000000000182e+03 -1.068439999999999945e-01 -1.620046607348120116e-01
3.375880000000000109e+03 -1.387720000000000065e-01 -1.939472300076990618e-01
3.375949999999999818e+03 -1.636259999999999937e-01 -2.134211457922391142e-01
3.376030000000000200e+03 -1.819689999999999919e-01 -2.265137016791091418e-01
3.376099999999999909e+03 -1.962230000000000085e-01 -2.309464649245369372e-01
3.376179999999999836e+03 -2.038889999999999869e-01 -2.295121499775592822e-01
3.376250000000000000e+03 -2.091449999999999976e-01 -2.239071311566872002e-01
3.376329999999999927e+03 -2.114679999999999893e-01 -2.140137639770923195e-01
3.376400000000000091e+03 -2.067209999999999881e-01 -2.033678857043849930e-01
3.376480000000000018e+03 -1.998860000000000081e-01 -1.899463874337952995e-01
3.376550000000000182e+03 -1.915979999999999905e-01 -1.777525626768957923e-01
3.376630000000000109e+03 -1.793899999999999939e-01 -1.638620476413850946e-01
3.376699999999999818e+03 -1.616319999999999979e-01 -1.520680561207433112e-01
3.376780000000000200e+03 -1.439300000000000024e-01 -1.392466884208648226e-01
3.376849999999999909e+03 -1.327379999999999949e-01 -1.287227821474549450e-01
3.376929999999999836e+03 -1.212929999999999980e-01 -1.175583420706539789e-01
3.377000000000000000e+03 -1.077130000000000032e-01 -1.085588890643925802e-01
3.377079999999999927e+03 -9.704790000000000638e-02 -9.913614343398038931e-02
3.377150000000000091e+03 -8.674990000000000478e-02 -9.161333156497572516e-02
3.377230000000000018e+03 -7.468760000000000676e-02 -8.378967401689101091e-02
3.377300000000000182e+03 -6.497890000000000610e-02 -7.757269663821511618e-02
3.377380000000000109e+03 -5.490790000000000254e-02 -7.112622015175791568e-02
3.377449999999999818e+03 -4.620880000000000126e-02 -6.601229156617896554e-02
3.377530000000000200e+03 -4.187439999999999912e-02 -6.071300171202152068e-02
3.377599999999999909e+03 -3.789270000000000138e-02 -5.650852825743353514e-02
3.377679999999999836e+03 -3.372909999999999797e-02 -5.214822069957150003e-02
3.377750000000000000e+03 -3.029350000000000098e-02 -4.868430732834955199e-02
3.377829999999999927e+03 -2.672300000000000023e-02 -4.508599548046853672e-02
3.377900000000000091e+03 -2.121249999999999872e-02 -4.222177176371824658e-02
3.377980000000000018e+03 -1.866080000000000169e-02 -3.923984729706603281e-02
3.378050000000000182e+03 -2.051170000000000077e-02 -3.686058701276523353e-02
3.378130000000000109e+03 -1.937480000000000105e-02 -3.437732336217943357e-02
3.378199999999999818e+03 -1.412069999999999992e-02 -3.239075252028267293e-02
3.378280000000000200e+03 -1.142349999999999963e-02 -3.031179747839863117e-02
3.378349999999999909e+03 -1.103679999999999939e-02 -2.864413382302645819e-02
3.378429999999999836e+03 -9.249359999999999873e-03 -2.689413986866614342e-02
3.378500000000000000e+03 -8.023469999999999561e-03 -2.548649238330587957e-02
3.378579999999999927e+03 -5.957819999999999956e-03 -2.400531051093955995e-02
3.378650000000000091e+03 -5.979469999999999751e-03 -2.281063704180983504e-02
3.378730000000000018e+03 -9.710339999999999597e-03 -2.155016959668987903e-02
3.378800000000000182e+03 -1.064219999999999923e-02 -2.053080143540851957e-02
3.378880000000000109e+03 -8.985270000000000062e-03 -1.945247148098494180e-02
3.378949999999999818e+03 -6.893980000000000073e-03 -1.857814044168312750e-02
3.379030000000000200e+03 -4.774399999999999825e-03 -1.765088781385176775e-02
3.379099999999999909e+03 -4.611539999999999910e-03 -1.689717132668445629e-02
3.379179999999999836e+03 -6.349259999999999800e-03 -1.609587849588497641e-02
3.379250000000000000e+03 -3.558509999999999972e-03 -1.544298094674960084e-02
3.379329999999999927e+03 -7.748180000000000345e-04 -1.474724094854330467e-02
3.379400000000000091e+03 -5.175600000000000252e-04 -1.417904047697937132e-02
3.379480000000000018e+03 2.901480000000000118e-03 -1.357219330359296303e-02
3.379550000000000182e+03 2.080209999999999872e-03 -1.307549602437587874e-02
3.379630000000000109e+03 -6.475400000000000513e-04 -1.254387414011174859e-02
3.379699999999999818e+03 -1.337330000000000072e-03 -1.210782959969142897e-02
3.379780000000000200e+03 -5.052380000000000412e-03 -1.164016580251519412e-02
3.379849999999999909e+03 -6.348109999999999691e-03 -1.125580752132115427e-02
3.379929999999999836e+03 -3.620659999999999937e-03 -1.084276873703559838e-02
3.380000000000000000e+03 -3.462409999999999967e-03 -1.050265181051307332e-02
3.380079999999999927e+03 -2.449660000000000205e-03 -1.013647066708503464e-02
3.380150000000000091e+03 1.860639999999999994e-03 -9.834384799421650239e-03
3.380230000000000018e+03 5.414719999999999603e-03 -9.508567285145087117e-03
3.380300000000000182e+03 8.031649999999999553e-03 -9.239308599580213499e-03
3.380380000000000109e+03 7.398110000000000276e-03 -8.948401096964476303e-03
3.380449999999999818e+03 2.918179999999999819e-03 -8.707589892724265992e-03
3.380530000000000200e+03 -5.522310000000000326e-04 -8.446992710404959206e-03
3.380599999999999909e+03 -1.471450000000000015e-04 -8.230927268935185614e-03
3.380679999999999836e+03 0.000000000000000000e+00 -7.996744726554948224e-03
3.380750000000000000e+03 -3.384480000000000040e-03 -7.802283513810228874e-03
3.380829999999999927e+03 -5.071179999999999785e-03 -7.591202878550639375e-03
3.380900000000000091e+03 -1.585800000000000057e-03 -7.415669207399769834e-03
3.380980000000000018e+03 2.752730000000000107e-03 -7.224862498963311071e-03
3.381050000000000182e+03 3.547820000000000140e-03 -7.065967031814947633e-03
3.381130000000000109e+03 3.551420000000000011e-03 -6.893011030564217059e-03
3.381199999999999818e+03 4.191529999999999735e-03 -6.748788513117864526e-03
3.381280000000000200e+03 3.479830000000000163e-03 -6.591599319740960340e-03
3.381349999999999909e+03 1.798689999999999924e-03 -6.460356715285752935e-03
3.381429999999999836e+03 1.458340000000000027e-03 -6.317135992329861276e-03
3.381500000000000000e+03 2.470550000000000176e-03 -6.197409787659909595e-03
3.381579999999999927e+03 3.011100000000000061e-03 -6.066600418590091526e-03
3.381650000000000091e+03 8.359010000000000051e-04 -5.957121339154125041e-03
3.381730000000000018e+03 -1.393380000000000053e-03 -5.837370710934456849e-03
3.381800000000000182e+03 9.754530000000000405e-04 -5.737034446021197637e-03
3.381880000000000109e+03 3.276349999999999922e-03 -5.627163927981271817e-03
3.381949999999999818e+03 4.502120000000000080e-03 -5.535006750552585661e-03
3.382030000000000200e+03 4.436070000000000291e-03 -5.433986229504806677e-03
3.382099999999999909e+03 -9.393729999999999658e-04 -5.349164617913356769e-03
3.382179999999999836e+03 -5.703429999999999785e-03 -5.256091175223595244e-03
3.382250000000000000e+03 -6.138399999999999586e-03 -5.177864719416490694e-03
3.382329999999999927e+03 -4.889819999999999584e-03 -5.091944713861417185e-03
3.382400000000000091e+03 -2.175499999999999916e-03 -5.019661727313036101e-03
3.382480000000000018e+03 -7.650400000000000342e-04 -4.940195688711969055e-03
3.382550000000000182e+03 -2.207349999999999850e-03 -4.873281057393289914e-03
3.382630000000000109e+03 -3.049029999999999883e-03 -4.799650908232784910e-03
3.382699999999999818e+03 -1.311010000000000040e-03 -4.737595795639103907e-03
3.382780000000000200e+03 -2.283389999999999834e-05 -4.669254007541258703e-03
3.382849999999999909e+03 -9.149530000000000336e-04 -4.611607104949213588e-03
3.382929999999999836e+03 -2.309449999999999784e-03 -4.548067468658194105e-03
3.383000000000000000e+03 -2.647239999999999923e-03 -4.494427536124390166e-03
3.383079999999999927e+03 -3.079569999999999790e-03 -4.435257281453800979e-03
3.383150000000000091e+03 -1.533590000000000040e-03 -4.385266770457368554e-03
3.383230000000000018e+03 4.099710000000000333e-03 -4.330079819298763080e-03
3.383300000000000182e+03 5.431759999999999887e-03 -4.283419404646692137e-03
3.383380000000000109e+03 6.310470000000000315e-04 -4.231870577916873634e-03
3.383449999999999818e+03 -2.601140000000000049e-03 -4.188254456335176006e-03
3.383530000000000200e+03 -1.570020000000000096e-03 -4.140034486472477654e-03
3.383599999999999909e+03 -3.643340000000000120e-04 -4.099206323568070978e-03
3.383679999999999836e+03 -5.234390000000000006e-04 -4.054037549251574696e-03
