3.320000000000000000e+03 8.868179999999999813e-03 4.864931660273089098e-03
3.320079999999999927e+03 9.216759999999999189e-03 4.896792369318819088e-03
3.320150000000000091e+03 8.014800000000000743e-03 4.924969373381318447e-03
3.320230000000000018e+03 6.686600000000000009e-03 4.957519749548736088e-03
3.320300000000000182e+03 8.340190000000000797e-03 4.986311492100277409e-03
3.320380000000000109e+03 9.908319999999999975e-03 5.019577668560397041e-03
3.320449999999999818e+03 8.420540000000000663e-03 5.049007626836483215e-03
3.320530000000000200e+03 9.610709999999999739e-03 5.083017157168709041e-03
3.320599999999999909e+03 8.297479999999999439e-03 5.113110094054547708e-03
3.320679999999999836e+03 2.140780000000000113e-03 5.147892052147712630e-03
3.320750000000000000e+03 1.694629999999999867e-04 5.178674107257650108e-03
3.320829999999999927e+03 6.411449999999999745e-04 5.214259195802513694e-03
3.320900000000000091e+03 7.091139999999999466e-04 5.245757984446028366e-03
3.320980000000000018e+03 0.000000000000000000e+00 5.282178652887293061e-03
3.321050000000000182e+03 -1.872330000000000012e-04 5.314423373728652603e-03
3.321130000000000109e+03 2.153989999999999887e-04 5.351713946653187393e-03
3.321199999999999818e+03 -1.577099999999999900e-03 5.384735498963828457e-03
3.321280000000000200e+03 -4.265329999999999903e-04 5.422932316013564374e-03
3.321349999999999909e+03 4.128099999999999999e-03 5.456763427527919208e-03
3.321429999999999836e+03 5.388689999999999800e-03 5.495904996056717381e-03
3.321500000000000000e+03 3.413139999999999837e-03 5.530580362560221647e-03
3.321579999999999927e+03 2.279199999999999889e-03 5.570707524407223638e-03
3.321650000000000091e+03 3.661090000000000091e-03 5.606263962327334358e-03
3.321730000000000018e+03 5.246950000000000225e-03 5.647420076241201070e-03
3.321800000000000182e+03 6.119969999999999750e-03 5.683896689670555821e-03
3.321880000000000109e+03 5.346929999999999739e-03 5.726127831119684486e-03
3.321949999999999818e+03 3.119600000000000151e-03 5.763566194877818225e-03
3.322030000000000200e+03 1.210899999999999997e-03 5.806921375197927893e-03
3.322099999999999909e+03 1.309969999999999928e-03 5.845365735748691075e-03
3.322179999999999836e+03 3.145250000000000042e-03 5.889897142831179017e-03
3.322250000000000000e+03 2.233220000000000170e-03 5.929394639104770132e-03
3.322329999999999927e+03 -4.325409999999999910e-04 5.975157902123445428e-03
3.322400000000000091e+03 -2.331219999999999950e-04 6.015758808566307181e-03
3.322480000000000018e+03 1.626990000000000033e-03 6.062813289563370039e-03
3.322550000000000182e+03 1.577810000000000020e-03 6.104571284050973323e-03
3.322630000000000109e+03 1.653739999999999898e-03 6.152980399593586253e-03
3.322699999999999818e+03 1.606460000000000093e-03 6.195952859195726081e-03
3.322780000000000200e+03 -1.080079999999999972e-03 6.245784435749685351e-03
3.322849999999999909e+03 -2.492980000000000109e-03 6.290032763756690792e-03
3.322929999999999836e+03 -9.312609999999999595e-04 6.341359430931524377e-03
3.323000000000000000e+03 6.237540000000000185e-04 6.386949419022512273e-03
3.323079999999999927e+03 2.359480000000000171e-03 6.439849045435703037e-03
3.323150000000000091e+03 4.792799999999999838e-03 6.486851275427453489e-03
3.323230000000000018e+03 5.730569999999999935e-03 6.541407452607049880e-03
3.323300000000000182e+03 5.413939999999999898e-03 6.589897742864682037e-03
3.323380000000000109e+03 2.459480000000000000e-03 6.646200323410608735e-03
3.323449999999999818e+03 -1.264549999999999919e-03 6.696260225743400421e-03
3.323530000000000200e+03 8.961420000000000540e-04 6.754405922883205404e-03
3.323599999999999909e+03 6.656470000000000269e-03 6.806123276624843552e-03
3.323679999999999836e+03 8.274820000000000439e-03 6.866216333373101333e-03
3.323750000000000000e+03 5.370109999999999988e-03 6.919685884354698918e-03
3.323829999999999927e+03 3.501699999999999952e-03 6.981838821746738991e-03
3.323900000000000091e+03 2.765679999999999961e-03 7.037162915063403107e-03
3.323980000000000018e+03 1.656090000000000036e-03 7.101497370391640987e-03
3.324050000000000182e+03 2.172729999999999887e-03 7.158786727255393376e-03
3.324130000000000109e+03 4.500500000000000160e-03 7.225434394971485402e-03
3.324199999999999818e+03 4.900029999999999664e-03 7.284808985572589074e-03
3.324280000000000200e+03 4.520119999999999867e-03 7.353912675537758320e-03
3.324349999999999909e+03 4.900780000000000414e-03 7.415502701766274463e-03
3.324429999999999836e+03 4.640599999999999933e-03 7.487217531917212537e-03
3.324500000000000000e+03 5.768419999999999798e-03 7.551164536055685050e-03
3.324579999999999927e+03 8.635500000000000814e-03 7.625659279375217314e-03
3.324650000000000091e+03 1.057869999999999991e-02 7.692117397554617750e-03
3.324730000000000018e+03 1.039849999999999976e-02 7.769576006547878819e-03
3.324800000000000182e+03 8.646459999999999910e-03 7.838713388923808714e-03
3.324880000000000109e+03 9.761900000000000438e-03 7.919336724749747106e-03
3.324949999999999818e+03 1.462169999999999963e-02 7.991337148097483328e-03
3.325030000000000200e+03 1.475199999999999949e-02 8.075344946162540602e-03
3.325099999999999909e+03 1.107769999999999935e-02 8.150409649044669524e-03
3.325179999999999836e+03 8.526090000000000058e-03 8.238042758405901556e-03
3.325250000000000000e+03 7.397860000000000026e-03 8.316392534348219026e-03
3.325329999999999927e+03 9.105759999999999202e-03 8.407915474894432986e-03
3.325400000000000091e+03 9.689629999999999424e-03 8.489793065355988669e-03
3.325480000000000018e+03 7.034470000000000132e-03 8.585496954712824175e-03
3.325550000000000182e+03 7.961750000000000077e-03 8.671169791417287012e-03
3.325630000000000109e+03 1.078540000000000054e-02 8.771375703590749556e-03
3.325699999999999818e+03 9.302309999999999399e-03 8.861139059958923758e-03
3.325780000000000200e+03 7.216629999999999920e-03 8.966201891716076011e-03
3.325849999999999909e+03 7.207609999999999711e-03 9.060382518607171601e-03
3.325929999999999836e+03 4.994919999999999916e-03 9.170695463369861120e-03
3.326000000000000000e+03 2.834940000000000203e-03 9.269655814080160830e-03
3.326079999999999927e+03 5.529639999999999729e-03 9.385655594879346864e-03
3.326150000000000091e+03 6.975710000000000417e-03 9.489798816053392205e-03
3.326230000000000018e+03 6.906169999999999670e-03 9.611971963364310603e-03
3.326300000000000182e+03 8.255939999999999807e-03 9.721748022891234589e-03
3.326380000000000109e+03 4.644940000000000180e-03 9.850638854784883602e-03
3.326449999999999818e+03 -6.828480000000000053e-04 9.966552717173421394e-03
3.326530000000000200e+03 -4.013789999999999936e-04 1.010277470033416752e-02
3.326599999999999909e+03 2.709370000000000007e-03 1.022539891718064926e-02
3.326679999999999836e+03 2.421319999999999809e-03 1.036965378286335525e-02
3.326750000000000000e+03 4.039460000000000251e-04 1.049965161367046734e-02
3.326829999999999927e+03 5.688699999999999660e-04 1.065276733577231495e-02
3.326900000000000091e+03 -2.979060000000000171e-04 1.079094159328603496e-02
3.326980000000000018e+03 -1.041140000000000078e-03 1.095395611693556620e-02
3.327050000000000182e+03 -2.126840000000000067e-03 1.110135949851676074e-02
3.327130000000000109e+03 -2.914570000000000008e-03 1.127571157889479918e-02
3.327199999999999818e+03 7.370350000000000339e-04 1.143389750942860883e-02
3.327280000000000200e+03 5.528800000000000381e-03 1.162185564574228815e-02
3.327349999999999909e+03 7.939369999999999414e-03 1.179343239735860041e-02
3.327429999999999836e+03 7.634349999999999817e-03 1.199902146175298688e-02
3.327500000000000000e+03 7.988449999999999371e-03 1.218881941931123682e-02
3.327579999999999927e+03 8.822220000000000409e-03 1.241971803379193079e-02
3.327650000000000091e+03 7.915949999999999723e-03 1.263710898555499805e-02
3.327730000000000018e+03 9.165319999999999370e-03 1.290829851194454092e-02
3.327800000000000182e+03 1.065679999999999926e-02 1.317150657411893591e-02
3.327880000000000109e+03 9.118350000000000760e-03 1.351180893736170577e-02
3.327949999999999818e+03 9.009470000000000325e-03 1.385534197978273777e-02
3.328030000000000200e+03 1.249660000000000007e-02 1.431822668939959978e-02
3.328099999999999909e+03 1.634999999999999995e-02 1.480462084976737203e-02
3.328179999999999836e+03 1.926229999999999956e-02 1.548445097027763978e-02
3.328250000000000000e+03 2.044690000000000049e-02 1.622097352161108383e-02
3.328329999999999927e+03 1.841989999999999947e-02 1.727466582572262724e-02
3.328400000000000091e+03 1.708519999999999830e-02 1.843394770580845943e-02
3.328480000000000018e+03 1.913979999999999848e-02 2.010525520586812359e-02
3.328550000000000182e+03 2.190100000000000033e-02 2.194558658594304365e-02
3.328630000000000109e+03 2.435479999999999937e-02 2.458458661728821215e-02
3.328699999999999818e+03 2.774889999999999995e-02 2.746087371469506030e-02
3.328780000000000200e+03 3.260860000000000147e-02 3.152536930011993338e-02
3.328849999999999909e+03 3.601490000000000247e-02 3.587665130792025425e-02
3.328929999999999836e+03 3.938300000000000134e-02 4.189717483020122951e-02
3.329000000000000000e+03 4.572009999999999963e-02 4.819373080263289477e-02
3.329079999999999927e+03 5.352570000000000244e-02 5.668342776430498886e-02
3.329150000000000091e+03 6.239530000000000076e-02 6.531964058258445116e-02
3.329230000000000018e+03 7.210129999999999317e-02 7.661897143358709084e-02
3.329300000000000182e+03 8.244010000000000227e-02 8.775078933892806188e-02
3.329380000000000109e+03 9.124730000000000341e-02 1.018175593995257339e-01
3.329449999999999818e+03 1.032229999999999953e-01 1.151663310593248335e-01
3.329530000000000200e+03 1.200190000000000007e-01 1.313520289255377949e-01
3.329599999999999909e+03 1.381509999999999960e-01 1.460248774687733231e-01
3.329679999999999836e+03 1.589419999999999999e-01 1.629093611321643098e-01
3.329750000000000000e+03 1.782529999999999948e-01 1.773087570400214141e-01
3.329829999999999927e+03 1.961970000000000103e-01 1.926811314694442390e-01
3.329900000000000091e+03 2.119459999999999955e-01 2.045777866429664971e-01
3.329980000000000018e+03 2.227790000000000048e-01 2.156352607583506831e-01
3.330050000000000182e+03 2.318929999999999880e-01 2.224472308722182379e-01
3.330130000000000109e+03 2.374189999999999912e-01 2.262287884953608219e-01
3.330199999999999818e+03 2.363520000000000065e-01 2.254876367642756618e-01
3.330280000000000200e+03 2.291459999999999886e-01 2.194795608887174232e-01
3.330349999999999909e+03 2.153239999999999876e-01 2.093957904311641305e-01
3.330429999999999836e+03 1.966090000000000060e-01 1.921825845297846780e-01
3.330500000000000000e+03 1.767589999999999995e-01 1.721919112266572516e-01
3.330579999999999927e+03 1.532560000000000033e-01 1.440288255490378699e-01
3.330650000000000091e+03 1.243630000000000013e-01 1.152319145329731565e-01
3.330730000000000018e+03 8.853969999999999896e-02 7.845261705366476934e-02
3.330800000000000182e+03 4.792910000000000226e-02 4.384445929691488386e-02
3.330880000000000109e+03 1.242620000000000009e-02 2.876274796558113151e-03
3.330949999999999818e+03 -2.096059999999999937e-02 -3.297439238347867063e-02
3.331030000000000200e+03 -5.926590000000000330e-02 -7.247623310133545493e-02
3.331099999999999909e+03 -9.831180000000000474e-02 -1.046199577639362888e-01
3.331179999999999836e+03 -1.315759999999999985e-01 -1.374483880433444993e-01
3.331250000000000000e+03 -1.578019999999999978e-01 -1.620223491709619767e-01
3.331329999999999927e+03 -1.784650000000000125e-01 -1.847727583068420332e-01
3.331400000000000091e+03 -1.977490000000000081e-01 -1.997507557174010850e-01
3.331480000000000018e+03 -2.144719999999999960e-01 -2.111814316835803618e-01
3.331550000000000182e+03 -2.190459999999999907e-01 -2.163547421640486246e-01
3.331630000000000109e+03 -2.161690000000000000e-01 -2.171227940008917112e-01
3.331699999999999818e+03 -2.134900000000000131e-01 -2.137413676366721194e-01
3.331780000000000200e+03 -2.058399999999999952e-01 -2.058991159459947484e-01
3.331849999999999909e+03 -1.934670000000000001e-01 -1.961695744326815427e-01
3.331929999999999836e+03 -1.798170000000000046e-01 -1.825398553728140305e-01
3.332000000000000000e+03 -1.642280000000000129e-01 -1.690554536496619298e-01
3.332079999999999927e+03 -1.485269999999999924e-01 -1.525861814414726236e-01
3.332150000000000091e+03 -1.349440000000000084e-01 -1.377974740885717364e-01
3.332230000000000018e+03 -1.199349999999999999e-01 -1.210305973109698507e-01
3.332300000000000182e+03 -1.031709999999999988e-01 -1.068673695388307338e-01
3.332380000000000109e+03 -9.134849999999999914e-02 -9.162189500023494582e-02
3.332449999999999818e+03 -8.173950000000000660e-02 -7.932090917079161196e-02
3.332530000000000200e+03 -7.129900000000000126e-02 -6.661123996050412333e-02
3.332599999999999909e+03 -6.418859999999999844e-02 -5.673448852120238639e-02
3.332679999999999836e+03 -5.598240000000000161e-02 -4.687471619859494287e-02
3.332750000000000000e+03 -4.710709999999999897e-02 -3.945501411709303324e-02
3.332829999999999927e+03 -4.545729999999999910e-02 -3.226443485198041833e-02
3.332900000000000091e+03 -4.388580000000000259e-02 -2.700142601791954977e-02
3.332980000000000018e+03 -3.591749999999999804e-02 -2.202844384906774838e-02
3.333050000000000182e+03 -2.881010000000000168e-02 -1.847213922953988910e-02
3.333130000000000109e+03 -2.484839999999999965e-02 -1.517950051250441072e-02
3.333199999999999818e+03 -2.202720000000000025e-02 -1.286572810912283565e-02
3.333280000000000200e+03 -2.039140000000000050e-02 -1.075243191932701362e-02
3.333349999999999909e+03 -1.909059999999999924e-02 -9.281215821686355019e-03
3.333429999999999836e+03 -1.633990000000000095e-02 -7.942558778903058975e-03
3.333500000000000000e+03 -1.144919999999999966e-02 -7.008363873492965551e-03
3.333579999999999927e+03 -8.669970000000000801e-03 -6.149966140341302581e-03
3.333650000000000091e+03 -9.552349999999999383e-03 -5.540236458072981054e-03
3.333730000000000018e+03 -1.134420000000000046e-02 -4.965418628749074595e-03
3.333800000000000182e+03 -1.164429999999999979e-02 -4.543416999563656446e-03
3.333880000000000109e+03 -9.308910000000000101e-03 -4.129993492777633141e-03
3.333949999999999818e+03 -8.481119999999999978e-03 -3.813531260507087035e-03
3.334030000000000200e+03 -1.039859999999999916e-02 -3.490259009984038666e-03
3.334099999999999909e+03 -9.781740000000000573e-03 -3.232760798811299113e-03
3.334179999999999836e+03 -7.860560000000000810e-03 -2.960282756818987965e-03
3.334250000000000000e+03 -7.657249999999999994e-03 -2.736593487484334855e-03
3.334329999999999927e+03 -8.533989999999999979e-03 -2.494028291247688423e-03
3.334400000000000091e+03 -1.161279999999999951e-02 -2.290958730500388101e-03
3.334480000000000018e+03 -9.956080000000000832e-03 -2.067381263543940657e-03
3.334550000000000182e+03 -4.493679999999999897e-03 -1.877948709092466112e-03
3.334630000000000109e+03 -5.477609999999999944e-03 -1.667380143050459923e-03
3.334699999999999818e+03 -7.728610000000000341e-03 -1.487515937455227179e-03
3.334780000000000200e+03 -6.631230000000000110e-03 -1.286108551511789579e-03
3.334849999999999909e+03 -5.306130000000000048e-03 -1.112811827639209996e-03
3.334929999999999836e+03 -5.610910000000000203e-03 -9.172364457735793838e-04
3.335000000000000000e+03 -7.426649999999999918e-03 -7.474598618624911112e-04
3.335079999999999927e+03 -8.650770000000000334e-03 -5.538429789812722697e-04
3.335150000000000091e+03 -8.289519999999999875e-03 -3.836658398693017571e-04
3.335230000000000018e+03 -8.834929999999999520e-03 -1.866923120144368779e-04
3.335300000000000182e+03 -9.636330000000000243e-03 -1.053769189223504460e-05
3.335380000000000109e+03 -8.223400000000000501e-03 1.974680792405513093e-04
3.335449999999999818e+03 -6.874129999999999997e-03 3.876646941039156406e-04
3.335530000000000200e+03 -7.482789999999999581e-03 6.177088788244444392e-04
3.335599999999999909e+03 -8.304670000000000107e-03 8.333403528933405399e-04
3.335679999999999836e+03 -6.400610000000000153e-03 1.100660745517586300e-03
3.335750000000000000e+03 -4.217280000000000334e-03 1.357124809281336306e-03
3.335829999999999927e+03 -3.611360000000000091e-03 1.681744403257437199e-03
3.335900000000000091e+03 -2.697049999999999882e-03 1.998643010385693208e-03
3.335980000000000018e+03 -3.028850000000000032e-03 2.405144863671974335e-03
3.336050000000000182e+03 -5.608179999999999936e-03 2.805575039455764867e-03
3.336130000000000109e+03 -5.317139999999999714e-03 3.321564831459242109e-03
3.336199999999999818e+03 -2.874709999999999939e-03 3.830024619697949221e-03
3.336280000000000200e+03 -3.552800000000000055e-03 4.482767346481500090e-03
3.336349999999999909e+03 -3.270470000000000148e-03 5.121297993050916153e-03
3.336429999999999836e+03 1.378730000000000012e-06 5.932236757950704389e-03
3.336500000000000000e+03 7.293479999999999972e-04 6.714723888372516741e-03
3.336579999999999927e+03 8.043329999999999577e-04 7.692062491287093851e-03
3.336650000000000091e+03 5.488840000000000038e-03 8.617142305332434193e-03
3.336730000000000018e+03 8.920569999999999194e-03 9.747377219281958688e-03
3.336800000000000182e+03 7.103670000000000297e-03 1.079107417177000219e-02
3.336880000000000109e+03 5.587080000000000345e-03 1.203116367136398794e-02
3.336949999999999818e+03 6.348580000000000369e-03 1.314105602875888235e-02
3.337030000000000200e+03 7.140600000000000419e-03 1.441356786831722581e-02
3.337099999999999909e+03 8.209340000000000734e-03 1.550668274072424316e-02
3.337179999999999836e+03 1.066450000000000037e-02 1.670045247541469130e-02
3.337250000000000000e+03 1.278810000000000016e-02 1.766695898986418711e-02
3.337329999999999927e+03 1.433429999999999947e-02 1.864524078006320543e-02
3.337400000000000091e+03 1.562809999999999894e-02 1.935915570402860914e-02
3.337480000000000018e+03 1.569179999999999880e-02 1.997585038677667651e-02
3.337550000000000182e+03 1.465920000000000070e-02 2.031241819835293352e-02
3.337630000000000109e+03 1.317330000000000063e-02 2.043490031697216269e-02
3.337699999999999818e+03 1.273919999999999914e-02 2.029235914575511571e-02
3.337780000000000200e+03 1.256889999999999917e-02 1.982719161080630232e-02
3.337849999999999909e+03 9.980829999999999563e-03 1.914883432785518397e-02
3.337929999999999836e+03 5.763670000000000251e-03 1.806496619655402827e-02
3.338000000000000000e+03 4.862870000000000040e-03 1.685639830323944557e-02
3.338079999999999927e+03 6.158359999999999876e-03 1.519998543823114848e-02
3.338150000000000091e+03 5.913060000000000364e-03 1.353678156415972014e-02
3.338230000000000018e+03 2.577059999999999941e-03 1.143295756350066680e-02
3.338300000000000182e+03 -1.481789999999999973e-03 9.455675008853602070e-03
3.338380000000000109e+03 -2.600290000000000002e-04 7.095326490656002696e-03
3.338449999999999818e+03 2.228659999999999929e-03 4.991705470708171152e-03
3.338530000000000200e+03 3.916699999999999956e-04 2.604910686075039439e-03
3.338599999999999909e+03 -4.482650000000000350e-03 5.823002726379256956e-04
3.338679999999999836e+03 -7.117100000000000336e-03 -1.596469036976381258e-03
3.338750000000000000e+03 -5.601550000000000279e-03 -3.342843299725783545e-03
3.338829999999999927e+03 -6.265539999999999998e-03 -5.110453348488650308e-03
3.338900000000000091e+03 -1.030780000000000064e-02 -6.426641481638253883e-03
3.338980000000000018e+03 -1.272509999999999961e-02 -7.640404829153974592e-03
3.339050000000000182e+03 -1.184110000000000024e-02 -8.434263744102258112e-03
3.339130000000000109e+03 -1.284919999999999986e-02 -9.028648893580792922e-03
3.339199999999999818e+03 -1.637720000000000148e-02 -9.278003302581232584e-03
3.339280000000000200e+03 -1.435050000000000041e-02 -9.266404712176438269e-03
3.339349999999999909e+03 -1.235089999999999973e-02 -9.014234528778166528e-03
3.339429999999999836e+03 -1.759159999999999890e-02 -8.476930602977642351e-03
3.339500000000000000e+03 -1.955600000000000047e-02 -7.816017074300506476e-03
3.339579999999999927e+03 -1.541129999999999931e-02 -6.878459731519129955e-03
3.339650000000000091e+03 -1.254450000000000010e-02 -5.929995982452695991e-03
3.339730000000000018e+03 -1.003639999999999914e-02 -4.737162856483373430e-03
3.339800000000000182e+03 -7.893850000000000866e-03 -3.628487465931114122e-03
3.339880000000000109e+03 -9.188939999999999608e-03 -2.320945164989946224e-03
3.339949999999999818e+03 -1.202010000000000058e-02 -1.166826502784871610e-03
3.340030000000000200e+03 -9.740860000000000490e-03 1.373006717148646423e-04
3.340099999999999909e+03 -4.667390000000000427e-03 1.247071545641971046e-03
3.340179999999999836e+03 -4.561220000000000378e-03 2.462205423468738236e-03
3.340250000000000000e+03 -3.891509999999999934e-03 3.468127335330161310e-03
3.340329999999999927e+03 -3.687590000000000247e-04 4.543549985226841975e-03
3.340400000000000091e+03 2.810819999999999898e-03 5.415529382784984788e-03
3.340480000000000018e+03 7.392430000000000181e-03 6.331630533290385360e-03
3.340550000000000182e+03 8.832029999999999395e-03 7.063837538388772694e-03
3.340630000000000109e+03 3.751410000000000161e-03 7.824771070851539376e-03
3.340699999999999818e+03 -3.274339999999999977e-06 8.428462033899210976e-03
3.340780000000000200e+03 5.268459999999999983e-03 9.053652949762751659e-03
3.340849999999999909e+03 1.596099999999999949e-02 9.549887889285285994e-03
3.340929999999999836e+03 1.965839999999999949e-02 1.006625916402078234e-02
3.341000000000000000e+03 1.431220000000000062e-02 1.047981077620351205e-02
3.341079999999999927e+03 1.088270000000000036e-02 1.091580703990896808e-02
3.341150000000000091e+03 1.391640000000000064e-02 1.127086143408513250e-02
3.341230000000000018e+03 1.789299999999999918e-02 1.165260347028381632e-02
3.341300000000000182e+03 1.574789999999999870e-02 1.197028377551809415e-02
3.341380000000000109e+03 1.068580000000000051e-02 1.231965610200348032e-02
3.341449999999999818e+03 1.149739999999999963e-02 1.261704840704261019e-02
3.341530000000000200e+03 1.405840000000000041e-02 1.295125000562167596e-02
3.341599999999999909e+03 1.274969999999999923e-02 1.324147889704796813e-02
3.341679999999999836e+03 1.342269999999999922e-02 1.357352246377219879e-02
3.341750000000000000e+03 1.649979999999999850e-02 1.386646282259751742e-02
3.341829999999999927e+03 1.463730000000000066e-02 1.420622528227251727e-02
3.341900000000000091e+03 1.002789999999999931e-02 1.450959034379308357e-02
3.341980000000000018e+03 8.513980000000000853e-03 1.486523924720753106e-02
3.342050000000000182e+03 9.524470000000000158e-03 1.518601446997463328e-02
3.342130000000000109e+03 1.084109999999999935e-02 1.556593629732451120e-02
3.342199999999999818e+03 1.128840000000000052e-02 1.591242916912653099e-02
3.342280000000000200e+03 1.240540000000000045e-02 1.632817761810852197e-02
3.342349999999999909e+03 1.445689999999999996e-02 1.671334526075215002e-02
3.342429999999999836e+03 1.586579999999999935e-02 1.718463603847452878e-02
3.342500000000000000e+03 1.737910000000000149e-02 1.763184914954988788e-02
3.342579999999999927e+03 1.759979999999999878e-02 1.819524051466142947e-02
3.342650000000000091e+03 1.677810000000000065e-02 1.874818999062877883e-02
3.342730000000000018e+03 1.762450000000000128e-02 1.947166787018355869e-02
3.342800000000000182e+03 1.803000000000000089e-02 2.021050852069545753e-02
3.342880000000000109e+03 2.098150000000000015e-02 2.121636891827444193e-02
3.342949999999999818e+03 2.510580000000000103e-02 2.228196344578440083e-02
3.343030000000000200e+03 2.495409999999999989e-02 2.377946615360047519e-02
3.343099999999999909e+03 2.541749999999999912e-02 2.540601025692763512e-02
3.343179999999999836e+03 2.821390000000000009e-02 2.773232573609607163e-02
3.343250000000000000e+03 3.366260000000000085e-02 3.028485954248318415e-02
3.343329999999999927e+03 3.918680000000000080e-02 3.394699670921651896e-02
3.343400000000000091e+03 4.240270000000000150e-02 3.795385287245857386e-02
3.343480000000000018e+03 4.803990000000000343e-02 4.365551038629369995e-02
3.343550000000000182e+03 5.831259999999999916e-02 4.981726931521730101e-02
3.343630000000000109e+03 6.907739999999999714e-02 5.844468093691061739e-02
3.343699999999999818e+03 7.617599999999999372e-02 6.759334566223466900e-02
3.343780000000000200e+03 8.475660000000000138e-02 8.012756784162351764e-02
3.343849999999999909e+03 9.994630000000000181e-02 9.310740093366891290e-02
3.343929999999999836e+03 1.177529999999999966e-01 1.104338102803566896e-01
3.344000000000000000e+03 1.353739999999999943e-01 1.278848747718565049e-01
3.344079999999999927e+03 1.555010000000000003e-01 1.504907276721824672e-01
3.344150000000000091e+03 1.766890000000000127e-01 1.725423776054131608e-01
3.344230000000000018e+03 1.984849999999999948e-01 2.001328505853959550e-01
3.344300000000000182e+03 2.241680000000000061e-01 2.260561414708896488e-01
3.344380000000000109e+03 2.531289999999999929e-01 2.571719757296010989e-01
3.344449999999999818e+03 2.830610000000000070e-01 2.850865670539730612e-01
3.344530000000000200e+03 3.149190000000000045e-01 3.168542063288095068e-01
3.344599999999999909e+03 3.493060000000000054e-01 3.436164718576748545e-01
3.344679999999999836e+03 3.836189999999999878e-01 3.717778227059508889e-01
3.344750000000000000e+03 4.133789999999999965e-01 3.931688008122761202e-01
3.344829999999999927e+03 4.358589999999999964e-01 4.124985975753154843e-01
3.344900000000000091e+03 4.498389999999999889e-01 4.237689908830987173e-01
3.344980000000000018e+03 4.521410000000000151e-01 4.288897804432745819e-01
3.345050000000000182e+03 4.439710000000000045e-01 4.256164436830124909e-01
3.345130000000000109e+03 4.305990000000000095e-01 4.120984447046485699e-01
3.345199999999999818e+03 4.100090000000000123e-01 3.912099560989930058e-01
3.345280000000000200e+03 3.749850000000000128e-01 3.567619539169950560e-01
3.345349999999999909e+03 3.280049999999999910e-01 3.175523831391668383e-01
3.345429999999999836e+03 2.725000000000000200e-01 2.630885672782036777e-01
3.345500000000000000e+03 2.078649999999999942e-01 2.080026488502264570e-01
3.345579999999999927e+03 1.376330000000000053e-01 1.382496364056045313e-01
3.345650000000000091e+03 6.530560000000000531e-02 7.302782281212651105e-02
3.345730000000000018e+03 -7.182840000000000232e-03 -3.901692454300984859e-03
3.345800000000000182e+03 -7.835780000000000522e-02 -7.117420508199515106e-02
3.345880000000000109e+03 -1.483379999999999976e-01 -1.454684080469610952e-01
3.345949999999999818e+03 -2.151450000000000029e-01 -2.062160589241012199e-01
3.346030000000000200e+03 -2.731720000000000259e-01 -2.686928160394292386e-01
3.346099999999999909e+03 -3.191249999999999920e-01 -3.158839051130171716e-01
3.346179999999999836e+03 -3.592529999999999890e-01 -3.600880775522041222e-01
3.346250000000000000e+03 -3.926499999999999990e-01 -3.896849003498777386e-01
3.346329999999999927e+03 -4.135489999999999999e-01 -4.129357936633981097e-01
3.346400000000000091e+03 -4.258899999999999908e-01 -4.242336936677777448e-01
3.346480000000000018e+03 -4.245610000000000217e-01 -4.274303403832128700e-01
3.346550000000000182e+03 -4.139689999999999759e-01 -4.225065460610860080e-01
3.346630000000000109e+03 -4.007109999999999839e-01 -4.092187192384323380e-01
3.346699999999999818e+03 -3.783850000000000269e-01 -3.919917388285827919e-01
3.346780000000000200e+03 -3.544320000000000248e-01 -3.672985364807792030e-01
3.346849999999999909e+03 -3.319900000000000073e-01 -3.424853588520745395e-01
3.346929999999999836e+03 -3.032369999999999788e-01 -3.118064904270156923e-01
3.347000000000000000e+03 -2.696310000000000096e-01 -2.839648356635532944e-01
3.347079999999999927e+03 -2.370909999999999962e-01 -2.520908524796065531e-01
3.347150000000000091e+03 -2.089759999999999951e-01 -2.249151579830526992e-01
3.347230000000000018e+03 -1.844739999999999991e-01 -1.953966805742692048e-01
3.347300000000000182e+03 -1.617129999999999956e-01 -1.713636210753825273e-01
3.347380000000000109e+03 -1.414980000000000127e-01 -1.463078972933123389e-01
3.347449999999999818e+03 -1.249190000000000023e-01 -1.266595182618281135e-01
3.347530000000000200e+03 -1.124229999999999952e-01 -1.068661569449939341e-01
3.347599999999999909e+03 -9.943689999999999474e-02 -9.183418048057188920e-02
3.347679999999999836e+03 -8.612459999999999560e-02 -7.713353498264143016e-02
3.347750000000000000e+03 -7.715729999999999811e-02 -6.627576388941885943e-02
3.347829999999999927e+03 -6.928170000000000162e-02 -5.592580641605153502e-02
3.347900000000000091e+03 -6.128480000000000039e-02 -4.846098531015767541e-02
3.347980000000000018e+03 -5.435149999999999704e-02 -4.149494849917275546e-02
3.348050000000000182e+03 -4.899680000000000007e-02 -3.656474415148264906e-02
3.348130000000000109e+03 -4.484590000000000104e-02 -3.203512339108732787e-02
3.348199999999999818e+03 -4.390859999999999902e-02 -2.886788386276208096e-02
3.348280000000000200e+03 -4.315170000000000117e-02 -2.597963674126097314e-02
3.348349999999999909e+03 -3.525820000000000343e-02 -2.396475092381208580e-02
3.348429999999999836e+03 -2.944060000000000080e-02 -2.211988752973982619e-02
3.348500000000000000e+03 -2.928129999999999969e-02 -2.081863648898722371e-02
3.348579999999999927e+03 -2.586050000000000154e-02 -1.960488401802730138e-02
3.348650000000000091e+03 -2.260130000000000125e-02 -1.872621336707096240e-02
3.348730000000000018e+03 -2.365269999999999873e-02 -1.787957558220290219e-02
3.348800000000000182e+03 -2.513390000000000069e-02 -1.724324713417067084e-02
3.348880000000000109e+03 -2.605210000000000164e-02 -1.660522575794799033e-02
3.348949999999999818e+03 -2.756890000000000035e-02 -1.610614590685965908e-02
3.349030000000000200e+03 -2.933190000000000103e-02 -1.558674807719544544e-02
3.349099999999999909e+03 -2.974339999999999970e-02 -1.516667935072581533e-02
3.349179999999999836e+03 -2.951190000000000063e-02 -1.471705131515328030e-02
3.349250000000000000e+03 -3.244940000000000324e-02 -1.434489187158975547e-02
3.349329999999999927e+03 -3.691860000000000280e-02 -1.393919067642703999e-02
3.349400000000000091e+03 -3.713310000000000222e-02 -1.359849219347245182e-02
3.349480000000000018e+03 -3.283610000000000001e-02 -1.322285657316193269e-02
3.349550000000000182e+03 -2.838780000000000123e-02 -1.290448812658569547e-02
3.349630000000000109e+03 -2.643020000000000092e-02 -1.255073135441964714e-02
3.349699999999999818e+03 -2.632879999999999943e-02 -1.224876238870831191e-02
3.349780000000000200e+03 -2.720699999999999855e-02 -1.191085184292368405e-02
3.349849999999999909e+03 -2.520060000000000008e-02 -1.162022474395768730e-02
3.349929999999999836e+03 -2.181479999999999878e-02 -1.129221541530142821e-02
3.350000000000000000e+03 -2.268080000000000096e-02 -1.100728601814384040e-02
3.350079999999999927e+03 -2.362929999999999892e-02 -1.068190137454343679e-02
3.350150000000000091e+03 -2.313720000000000013e-02 -1.039532825347471573e-02
3.350230000000000018e+03 -1.976659999999999875e-02 -1.006277622097454839e-02
3.350300000000000182e+03 -1.452490000000000031e-02 -9.764534117888660700e-03
3.350380000000000109e+03 -1.352749999999999959e-02 -9.411436544774045773e-03
3.350449999999999818e+03 -1.417339999999999919e-02 -9.087953562273690458e-03
3.350530000000000200e+03 -1.379129999999999939e-02 -8.696499878746355092e-03
3.350599999999999909e+03 -1.248709999999999924e-02 -8.330106202746696484e-03
3.350679999999999836e+03 -1.519069999999999969e-02 -7.877742198148011965e-03
3.350750000000000000e+03 -1.799270000000000036e-02 -7.446778319155904213e-03
3.350829999999999927e+03 -1.275850000000000074e-02 -6.906899445692568987e-03
3.350900000000000091e+03 -8.555379999999999582e-03 -6.386938740623925026e-03
3.350980000000000018e+03 -8.693080000000000598e-03 -5.731126946442136050e-03
3.351050000000000182e+03 -8.246919999999999598e-03 -5.097766494544914671e-03
3.351130000000000109e+03 -8.128579999999999833e-03 -4.300017861247821052e-03
3.351199999999999818e+03 -8.591480000000000297e-03 -3.533516376514756873e-03
3.351280000000000200e+03 -7.378359999999999606e-03 -2.576584330679322719e-03
3.351349999999999909e+03 -1.018040000000000004e-03 -1.668230802000217252e-03
3.351429999999999836e+03 8.080139999999999545e-03 -5.516318885225228279e-04
3.351500000000000000e+03 1.248080000000000023e-02 4.888737714259885382e-04
3.351579999999999927e+03 1.506140000000000083e-02 1.740412366890116153e-03
3.351650000000000091e+03 1.714660000000000142e-02 2.877987594519934838e-03
3.351730000000000018e+03 1.703790000000000165e-02 4.207635268462177336e-03
3.351800000000000182e+03 1.730009999999999881e-02 5.377266361238263598e-03
3.351880000000000109e+03 1.559579999999999994e-02 6.693246771459335567e-03
3.351949999999999818e+03 1.464949999999999933e-02 7.800089150998980314e-03
3.352030000000000200e+03 1.347310000000000001e-02 8.979292211352891614e-03
3.352099999999999909e+03 1.243900000000000040e-02 9.905223378469546827e-03
3.352179999999999836e+03 1.566369999999999915e-02 1.080476968242618033e-02
3.352250000000000000e+03 1.504879999999999933e-02 1.142203476134387267e-02
3.352329999999999927e+03 1.477520000000000049e-02 1.189857440723633697e-02
3.352400000000000091e+03 1.862240000000000076e-02 1.208939281306701218e-02
3.352480000000000018e+03 1.811669999999999947e-02 1.202371002466615796e-02
3.352550000000000182e+03 1.531390000000000008e-02 1.170274644387565843e-02
3.352630000000000109e+03 1.292040000000000029e-02 1.102514209943318557e-02
3.352699999999999818e+03 1.145080000000000056e-02 1.016019809465387898e-02
3.352780000000000200e+03 7.847599999999999715e-03 8.870871797741057899e-03
3.352849999999999909e+03 1.897459999999999902e-03 7.496647114114398866e-03
3.352929999999999836e+03 1.555340000000000108e-03 5.675507832225791527e-03
3.353000000000000000e+03 1.480860000000000076e-03 3.896198249019709823e-03
3.353079999999999927e+03 -2.512330000000000119e-03 1.698409302024769894e-03
3.353150000000000091e+03 -4.037759999999999613e-03 -3.227997117921338303e-04
3.353230000000000018e+03 -4.820960000000000002e-03 -2.686033227863878804e-03
3.353300000000000182e+03 -6.905790000000000192e-03 -4.749392540280568398e-03
3.353380000000000109e+03 -9.017719999999999902e-03 -7.041611685416806349e-03
3.353449999999999818e+03 -1.025560000000000013e-02 -8.940906993026786001e-03
3.353530000000000200e+03 -9.015340000000000159e-03 -1.093653800992470254e-02
3.353599999999999909e+03 -9.764550000000000313e-03 -1.249056481590119644e-02
3.353679999999999836e+03 -1.589950000000000044e-02 -1.400874213859128713e-02
3.353750000000000000e+03 -2.164009999999999892e-02 -1.508748832211455511e-02
3.353829999999999927e+03 -2.197520000000000029e-02 -1.601652149834024291e-02
3.353900000000000091e+03 -2.116540000000000088e-02 -1.655681373858342367e-02
3.353980000000000018e+03 -2.379739999999999980e-02 -1.686474974739654575e-02
3.354050000000000182e+03 -2.726129999999999873e-02 -1.687287898068340342e-02
3.354130000000000109e+03 -2.769370000000000165e-02 -1.660316471618512174e-02
3.354199999999999818e+03 -2.364499999999999935e-02 -1.614522460073967991e-02
3.354280000000000200e+03 -1.864839999999999900e-02 -1.539999178312613862e-02
3.354349999999999909e+03 -1.505410000000000081e-02 -1.458338315474971489e-02
3.354429999999999836e+03 -1.276500000000000030e-02 -1.349936351547966103e-02
3.354500000000000000e+03 -1.292770000000000030e-02 -1.245042514139689874e-02
3.354579999999999927e+03 -1.383129999999999950e-02 -1.117338933607401469e-02
3.354650000000000091e+03 -1.462420000000000039e-02 -1.001615822637784425e-02
3.354730000000000018e+03 -1.418849999999999972e-02 -8.679053762799890034e-03
3.354800000000000182e+03 -1.187249999999999937e-02 -7.518964175060309507e-03
3.354880000000000109e+03 -8.121980000000000866e-03 -6.227083048661031378e-03
3.354949999999999818e+03 -4.427399999999999738e-03 -5.141537471336200815e-03
3.355030000000000200e+03 -4.485509999999999844e-03 -3.965793262368262975e-03
3.355099999999999909e+03 -7.101739999999999615e-03 -3.001624897330634322e-03
3.355179999999999836e+03 -1.155420000000000058e-02 -1.979046986705124220e-03
3.355250000000000000e+03 -1.266049999999999988e-02 -1.155451713352839520e-03
3.355329999999999927e+03 -4.889459999999999987e-03 -2.947542984045258517e-04
3.355400000000000091e+03 9.343689999999999982e-04 3.904500049123574984e-04
3.355480000000000018e+03 -4.030830000000000003e-03 1.100769996998979174e-03
3.355550000000000182e+03 -8.862550000000000289e-03 1.663718205716035580e-03
3.355630000000000109e+03 -3.879089999999999969e-03 2.247003823902837035e-03
3.355699999999999818e+03 2.794720000000000103e-03 2.710880685205606811e-03
3.355780000000000200e+03 5.208370000000000360e-03 3.195205552735579536e-03
3.355849999999999909e+03 4.849619999999999799e-03 3.584865006776984369e-03
3.355929999999999836e+03 4.065489999999999729e-03 3.997939506302587362e-03
3.356000000000000000e+03 5.100770000000000130e-03 4.336384551016158467e-03
3.356079999999999927e+03 5.630600000000000362e-03 4.702556614860364109e-03
3.356150000000000091e+03 4.903610000000000087e-03 5.009132891280002400e-03
3.356230000000000018e+03 5.784319999999999913e-03 5.348135660552203602e-03
3.356300000000000182e+03 8.412509999999999780e-03 5.638031129597605162e-03
3.356380000000000109e+03 9.899979999999999197e-03 5.964951715359115281e-03
3.356449999999999818e+03 1.072790000000000028e-02 6.249531234340586008e-03
3.356530000000000200e+03 1.214729999999999976e-02 6.575488631876123466e-03
3.356599999999999909e+03 1.129170000000000000e-02 6.863063343355239182e-03
3.356679999999999836e+03 9.736850000000000019e-03 7.196213689429770133e-03
3.356750000000000000e+03 1.006879999999999928e-02 7.492988745023788227e-03
3.356829999999999927e+03 1.119299999999999982e-02 7.839662844986803464e-03
3.356900000000000091e+03 1.114030000000000055e-02 8.150784708506038020e-03
3.356980000000000018e+03 7.712779999999999810e-03 8.516780798801930688e-03
3.357050000000000182e+03 4.759470000000000020e-03 8.847612090823403844e-03
3.357130000000000109e+03 5.020779999999999861e-03 9.239928938459627400e-03
3.357199999999999818e+03 5.116279999999999960e-03 9.597939880360267101e-03
3.357280000000000200e+03 6.950089999999999914e-03 1.002758228889864822e-02
3.357349999999999909e+03 8.635989999999999639e-03 1.042560344582381220e-02
3.357429999999999836e+03 6.270969999999999843e-03 1.091256527748908807e-02
3.357500000000000000e+03 6.915659999999999689e-03 1.137461719818217906e-02
3.357579999999999927e+03 9.404420000000000140e-03 1.195673451456391069e-02
3.357650000000000091e+03 9.687070000000000750e-03 1.252817645868497219e-02
3.357730000000000018e+03 1.054429999999999951e-02 1.327609486130710073e-02
3.357800000000000182e+03 1.282499999999999959e-02 1.404018988093612419e-02
3.357880000000000109e+03 1.659199999999999911e-02 1.508081002055088396e-02
3.357949999999999818e+03 1.679649999999999893e-02 1.618350529983769368e-02
3.358030000000000200e+03 1.537939999999999967e-02 1.773324668978024793e-02
3.358099999999999909e+03 1.831560000000000132e-02 1.941626602649882891e-02
3.358179999999999836e+03 2.180409999999999987e-02 2.182236916378610739e-02
3.358250000000000000e+03 2.605820000000000011e-02 2.446076971008671191e-02
3.358329999999999927e+03 3.177449999999999719e-02 2.824281739110454797e-02
3.358400000000000091e+03 3.618980000000000113e-02 3.237653696468596048e-02
3.358480000000000018e+03 4.170630000000000170e-02 3.825147644785999168e-02
3.358550000000000182e+03 4.873179999999999873e-02 4.459185279561236892e-02
3.358630000000000109e+03 5.678380000000000233e-02 5.345598012017561962e-02
3.358699999999999818e+03 6.558329999999999715e-02 6.284056108888907977e-02
3.358780000000000200e+03 7.558600000000000041e-02 7.567574414373645642e-02
3.358849999999999909e+03 9.019860000000000377e-02 8.894303187285459988e-02
3.358929999999999836e+03 1.073790000000000022e-01 1.066186933343189897e-01
3.359000000000000000e+03 1.250870000000000037e-01 1.243850651441138350e-01
3.359079999999999927e+03 1.433570000000000122e-01 1.473488205952272478e-01
3.359150000000000091e+03 1.639929999999999999e-01 1.696972317468239122e-01
3.359230000000000018e+03 1.924119999999999997e-01 1.975878429182724993e-01
3.359300000000000182e+03 2.235689999999999900e-01 2.237204158091869177e-01
3.359380000000000109e+03 2.489760000000000029e-01 2.549897850664341603e-01
3.359449999999999818e+03 2.750250000000000195e-01 2.829426810431227013e-01
3.359530000000000200e+03 3.068699999999999761e-01 3.146201523523888266e-01
3.359599999999999909e+03 3.378709999999999769e-01 3.411683666284173744e-01
3.359679999999999836e+03 3.630999999999999783e-01 3.689137660437193933e-01
3.359750000000000000e+03 3.868909999999999849e-01 3.897820851310829782e-01
3.359829999999999927e+03 4.084889999999999910e-01 4.083306342362226227e-01
3.359900000000000091e+03 4.194220000000000170e-01 4.187620650429683122e-01
3.359980000000000018e+03 4.233319999999999861e-01 4.227631453479963053e-01
3.360050000000000182e+03 4.198089999999999877e-01 4.183919133396836743e-01
3.360130000000000109e+03 4.032399999999999873e-01 4.035214627397127329e-01
3.360199999999999818e+03 3.778349999999999764e-01 3.814034871770709545e-01
3.360280000000000200e+03 3.406089999999999951e-01 3.455535515110337297e-01
3.360349999999999909e+03 2.901949999999999807e-01 3.051727787243715406e-01
3.360429999999999836e+03 2.358190000000000008e-01 2.495008767253678872e-01
3.360500000000000000e+03 1.788859999999999895e-01 1.935276043378683641e-01
3.360579999999999927e+03 1.136530000000000040e-01 1.230140580820250767e-01
3.360650000000000091e+03 4.255520000000000136e-02 5.738768097065408830e-02
3.360730000000000018e+03 -2.771790000000000018e-02 -1.967722854302628860e-02
3.360800000000000182e+03 -9.796939999999999815e-02 -8.677502468996801943e-02
3.360880000000000109e+03 -1.670359999999999900e-01 -1.605469615782055548e-01
3.360949999999999818e+03 -2.281590000000000007e-01 -2.205825627447212389e-01
3.361030000000000200e+03 -2.819010000000000127e-01 -2.820035725976591801e-01
3.361099999999999909e+03 -3.298200000000000021e-01 -3.281106019553511888e-01
3.361179999999999836e+03 -3.680280000000000218e-01 -3.709596204026620048e-01
3.361250000000000000e+03 -3.972289999999999988e-01 -3.993246988431793931e-01
3.361329999999999927e+03 -4.162210000000000076e-01 -4.211770952563231862e-01
3.361400000000000091e+03 -4.239240000000000230e-01 -4.313048110179276140e-01
3.361480000000000018e+03 -4.262960000000000083e-01 -4.332705060623726623e-01
3.361550000000000182e+03 -4.213259999999999783e-01 -4.273923310146366394e-01
3.361630000000000109e+03 -4.045920000000000072e-01 -4.131790546265973751e-01
3.361699999999999818e+03 -3.809649999999999981e-01 -3.952992200972229586e-01
3.361780000000000200e+03 -3.553250000000000020e-01 -3.700440312949516697e-01
3.361849999999999909e+03 -3.300690000000000013e-01 -3.448967180282585532e-01
3.361929999999999836e+03 -3.043569999999999887e-01 -3.140042436700765105e-01
3.362000000000000000e+03 -2.772859999999999769e-01 -2.861079370289352219e-01
3.362079999999999927e+03 -2.525700000000000167e-01 -2.543005333745982921e-01
3.362150000000000091e+03 -2.296680000000000110e-01 -2.272754804815588225e-01
3.362230000000000018e+03 -2.056169999999999942e-01 -1.980095357897909136e-01
3.362300000000000182e+03 -1.812300000000000022e-01 -1.742473095655785731e-01
3.362380000000000109e+03 -1.598580000000000001e-01 -1.495356202483623387e-01
3.362449999999999818e+03 -1.427819999999999923e-01 -1.302019920236853201e-01
3.362530000000000200e+03 -1.286470000000000113e-01 -1.107676501154198634e-01
3.362599999999999909e+03 -1.147750000000000020e-01 -9.603843522573710101e-02
3.362679999999999836e+03 -1.007440000000000002e-01 -8.166137207916414342e-02
3.362750000000000000e+03 -9.215579999999999605e-02 -7.106188716262976102e-02
3.362829999999999927e+03 -8.539560000000000206e-02 -6.097525685010017626e-02
3.362900000000000091e+03 -7.508510000000000184e-02 -5.371200688412683388e-02
3.362980000000000018e+03 -6.834400000000000197e-02 -4.694401608633165524e-02
3.363050000000000182e+03 -6.533680000000000043e-02 -4.216045077641091682e-02
3.363130000000000109e+03 -6.187089999999999951e-02 -3.777076347096763181e-02
3.363199999999999818e+03 -5.765139999999999848e-02 -3.470451995078497470e-02
3.363280000000000200e+03 -5.312900000000000261e-02 -3.191064849143553789e-02
3.363349999999999909e+03 -4.851199999999999957e-02 -2.996277583573649442e-02
3.363429999999999836e+03 -4.453689999999999732e-02 -2.817990008629815690e-02
3.363500000000000000e+03 -4.149599999999999816e-02 -2.692251979202491333e-02
3.363579999999999927e+03 -3.637630000000000030e-02 -2.574956132690585028e-02
3.363650000000000091e+03 -3.144070000000000198e-02 -2.490018658573368154e-02
3.363730000000000018e+03 -2.973680000000000073e-02 -2.408147053201090126e-02
3.363800000000000182e+03 -3.040879999999999972e-02 -2.346589184808839032e-02
3.363880000000000109e+03 -3.126330000000000081e-02 -2.284848819186365357e-02
3.363949999999999818e+03 -3.230910000000000032e-02 -2.236545168154721250e-02
3.364030000000000200e+03 -3.320560000000000178e-02 -2.186273758510908979e-02
3.364099999999999909e+03 -3.102699999999999902e-02 -2.145619585098811066e-02
3.364179999999999836e+03 -3.096849999999999950e-02 -2.102109562989734962e-02
3.364250000000000000e+03 -3.417619999999999686e-02 -2.066096823485558814e-02
3.364329999999999927e+03 -3.547379999999999978e-02 -2.026828829817775915e-02
3.364400000000000091e+03 -3.497870000000000146e-02 -1.993829655896017100e-02
3.364480000000000018e+03 -3.532609999999999917e-02 -1.957395266768467007e-02
3.364550000000000182e+03 -3.727219999999999839e-02 -1.926441750821020898e-02
3.364630000000000109e+03 -3.570389999999999675e-02 -1.891918517999153018e-02
3.364699999999999818e+03 -3.257999999999999785e-02 -1.862288628892216913e-02
3.364780000000000200e+03 -3.082920000000000105e-02 -1.828878258732402617e-02
3.364849999999999909e+03 -3.291460000000000219e-02 -1.799849804979715417e-02
3.364929999999999836e+03 -3.867339999999999667e-02 -1.766652961821501763e-02
3.365000000000000000e+03 -3.842140000000000138e-02 -1.737340559738909801e-02
3.365079999999999927e+03 -3.219709999999999933e-02 -1.703197452908203346e-02
3.365150000000000091e+03 -2.848279999999999909e-02 -1.672430910424159423e-02
3.365230000000000018e+03 -2.910760000000000083e-02 -1.635800476487707725e-02
3.365300000000000182e+03 -2.950380000000000016e-02 -1.602036434630702000e-02
3.365380000000000109e+03 -2.845510000000000053e-02 -1.560920432557272482e-02
3.365449999999999818e+03 -2.629990000000000105e-02 -1.522204808781653027e-02
3.365530000000000200e+03 -2.366199999999999901e-02 -1.474148624681811959e-02
3.365599999999999909e+03 -2.306559999999999860e-02 -1.428166092302071526e-02
3.365679999999999836e+03 -2.376500000000000140e-02 -1.370384550481211841e-02
3.365750000000000000e+03 -2.139920000000000017e-02 -1.314640460753878186e-02
3.365829999999999927e+03 -2.002869999999999998e-02 -1.244319833388628921e-02
3.365900000000000091e+03 -2.289280000000000134e-02 -1.176494410223741932e-02
3.365980000000000018e+03 -2.216769999999999852e-02 -1.091304464297413943e-02
3.366050000000000182e+03 -1.547139999999999974e-02 -1.009793146932395219e-02
3.366130000000000109e+03 -1.086419999999999920e-02 -9.086003445996639408e-03
3.366199999999999818e+03 -1.176209999999999929e-02 -8.132055084995044869e-03
3.366280000000000200e+03 -9.742429999999999840e-03 -6.969114439301532862e-03
3.366349999999999909e+03 -5.821810000000000179e-03 -5.895844797606032348e-03
3.366429999999999836e+03 -4.348720000000000363e-03 -4.619336759165730208e-03
3.366500000000000000e+03 -3.332309999999999786e-03 -3.473977023538982450e-03
3.366579999999999927e+03 -4.509499999999999620e-03 -2.155290298563188305e-03
3.366650000000000091e+03 -5.164740000000000129e-03 -1.015657136476397129e-03
3.366730000000000018e+03 -1.983790000000000033e-03 2.394713926617973894e-04
3.366800000000000182e+03 1.663860000000000079e-03 1.267603760851174991e-03
3.366880000000000109e+03 1.808649999999999971e-03 2.325924515936942955e-03
3.366949999999999818e+03 -1.023320000000000089e-03 3.118354870043100763e-03
3.367030000000000200e+03 -4.412890000000000042e-03 3.834050168012446708e-03
3.367099999999999909e+03 -2.983490000000000100e-03 4.264539362580983817e-03
3.367179999999999836e+03 1.421079999999999913e-03 4.501166217166938099e-03
3.367250000000000000e+03 2.214109999999999982e-04 4.462723379083825131e-03
3.367329999999999927e+03 -4.360469999999999971e-03 4.118793260709187679e-03
3.367400000000000091e+03 -5.389569999999999778e-03 3.546026907836045353e-03
3.367480000000000018e+03 -4.157519999999999619e-03 2.579027711634738779e-03
3.367550000000000182e+03 -4.627580000000000061e-03 1.466549537880420476e-03
3.367630000000000109e+03 -4.388419999999999647e-03 -9.048298639643395300e-05
3.367699999999999818e+03 -6.029379999999999983e-03 -1.678550902907892991e-03
3.367780000000000200e+03 -9.448450000000000598e-03 -3.712895517355074924e-03
3.367849999999999909e+03 -9.686490000000000725e-03 -5.645731989163038991e-03
3.367929999999999836e+03 -1.010529999999999935e-02 -7.975756058364631348e-03
3.368000000000000000e+03 -1.125460000000000002e-02 -1.007166055458667310e-02
3.368079999999999927e+03 -1.232139999999999971e-02 -1.247145819312530171e-02
3.368150000000000091e+03 -1.484519999999999937e-02 -1.452414990709752912e-02
3.368230000000000018e+03 -1.714299999999999852e-02 -1.675745079799065979e-02
3.368300000000000182e+03 -1.964060000000000111e-02 -1.856757225484783821e-02
3.368380000000000109e+03 -1.877310000000000090e-02 -2.042385802273017151e-02
3.368449999999999818e+03 -1.414009999999999920e-02 -2.182900667548270945e-02
3.368530000000000200e+03 -1.765479999999999827e-02 -2.315417400223321320e-02
3.368599999999999909e+03 -2.513380000000000128e-02 -2.405118406588521371e-02
3.368679999999999836e+03 -2.558639999999999873e-02 -2.476656386842251978e-02
3.368750000000000000e+03 -2.207490000000000147e-02 -2.512182932857955422e-02
3.368829999999999927e+03 -1.970830000000000151e-02 -2.522842978308859063e-02
3.368900000000000091e+03 -2.171230000000000035e-02 -2.507512998969820689e-02
3.368980000000000018e+03 -2.539929999999999966e-02 -2.464364616783304429e-02
3.369050000000000182e+03 -2.570170000000000093e-02 -2.406785463112752835e-02
3.369130000000000109e+03 -2.208279999999999965e-02 -2.321817609501010404e-02
3.369199999999999818e+03 -1.992899999999999880e-02 -2.233810883511342174e-02
3.369280000000000200e+03 -2.001350000000000004e-02 -2.121391081534387477e-02
3.369349999999999909e+03 -1.872220000000000134e-02 -2.015746749297804216e-02
3.369429999999999836e+03 -1.667050000000000129e-02 -1.890165547345246805e-02
3.369500000000000000e+03 -1.270959999999999972e-02 -1.778688114826637925e-02
3.369579999999999927e+03 -9.296830000000000718e-03 -1.652239138496167103e-02
3.369650000000000091e+03 -1.205920000000000082e-02 -1.544392940850252208e-02
3.369730000000000018e+03 -1.444110000000000012e-02 -1.426228198419917347e-02
3.369800000000000182e+03 -1.186000000000000075e-02 -1.328492196555650616e-02
3.369880000000000109e+03 -1.266579999999999963e-02 -1.224271572670759811e-02
3.369949999999999818e+03 -1.412659999999999957e-02 -1.140137545468660266e-02
3.370030000000000200e+03 -1.175000000000000003e-02 -1.052320803365806856e-02
3.370099999999999909e+03 -9.353709999999999455e-03 -9.827534381885258408e-03
3.370179999999999836e+03 -6.430939999999999573e-03 -9.112936880899419681e-03
3.370250000000000000e+03 -4.156039999999999734e-03 -8.554299307165991878e-03
3.370329999999999927e+03 -2.268519999999999998e-03 -7.986193635217951961e-03
3.370400000000000091e+03 1.609500000000000037e-03 -7.545062406845319536e-03
3.370480000000000018e+03 9.540759999999999909e-04 -7.097754638486232157e-03
3.370550000000000182e+03 -3.049420000000000169e-03 -6.750052700661431093e-03
3.370630000000000109e+03 -3.627580000000000041e-03 -6.395553256855051119e-03
3.370699999999999818e+03 -3.435230000000000054e-03 -6.117272814428783081e-03
3.370780000000000200e+03 -5.397909999999999688e-03 -5.829500561541221988e-03
3.370849999999999909e+03 -8.102150000000000671e-03 -5.599475590172264816e-03
3.370929999999999836e+03 -5.668379999999999773e-03 -5.356477857340790488e-03
3.371000000000000000e+03 -2.004770000000000120e-04 -5.157596603454502049e-03
3.371079999999999927e+03 1.738909999999999978e-03 -4.942237445355733561e-03
3.371150000000000091e+03 2.529780000000000136e-03 -4.761553075854358351e-03
3.371230000000000018e+03 1.783960000000000016e-03 -4.561214626767775768e-03
3.371300000000000182e+03 1.524580000000000064e-05 -4.389416117886888770e-03
3.371380000000000109e+03 4.077540000000000157e-03 -4.195195263377955383e-03
3.371449999999999818e+03 9.106790000000000024e-03 -4.025804174150059839e-03
3.371530000000000200e+03 7.078840000000000306e-03 -3.831547112838127982e-03
3.371599999999999909e+03 1.328060000000000048e-03 -3.660070349373344568e-03
3.371679999999999836e+03 -6.089920000000000402e-04 -3.461428306754769056e-03
3.371750000000000000e+03 3.030950000000000137e-03 -3.284559273964467695e-03
3.371829999999999927e+03 5.229400000000000368e-03 -3.078095676688044017e-03
3.371900000000000091e+03 3.584679999999999811e-03 -2.892925167626098949e-03
3.371980000000000018e+03 4.988570000000000330e-03 -2.675153426680584520e-03
3.372050000000000182e+03 7.372420000000000188e-03 -2.478212105547465769e-03
3.372130000000000109e+03 3.627700000000000195e-03 -2.244266594697157374e-03
3.372199999999999818e+03 2.132010000000000155e-03 -2.030043565630710711e-03
3.372280000000000200e+03 7.408239999999999964e-03 -1.771449214548632793e-03
3.372349999999999909e+03 1.003219999999999980e-02 -1.529789191817656092e-03
3.372429999999999836e+03 7.048590000000000411e-03 -1.230480083851686604e-03
3.372500000000000000e+03 2.098699999999999784e-03 -9.419610530231558015e-04
3.372579999999999927e+03 8.816899999999999694e-04 -5.713504135131108885e-04
3.372650000000000091e+03 3.330560000000000204e-03 -1.994706919116497057e-04
3.372730000000000018e+03 2.889800000000000094e-03 2.988364369295878030e-04
3.372800000000000182e+03 3.149509999999999896e-03 8.198534111352761590e-04
3.372880000000000109e+03 6.463759999999999818e-03 1.544832193821812655e-03
3.372949999999999818e+03 9.582860000000000336e-03 2.327176197798885588e-03
3.373030000000000200e+03 1.309229999999999942e-02 3.442449873344765199e-03
3.373099999999999909e+03 1.396990000000000037e-02 4.665564180888563325e-03
3.373179999999999836e+03 1.248450000000000081e-02 6.423647484042095679e-03
3.373250000000000000e+03 1.512609999999999996e-02 8.354143257522938376e-03
3.373329999999999927e+03 2.097150000000000056e-02 1.111496106687360347e-02
3.373400000000000091e+03 2.575380000000000030e-02 1.411614401683397926e-02
3.373480000000000018e+03 2.967399999999999899e-02 1.834601376123580138e-02
3.373550000000000182e+03 3.242130000000000012e-02 2.286253133960758355e-02
3.373630000000000109e+03 3.658929999999999821e-02 2.909501268775277136e-02
3.373699999999999818e+03 4.485080000000000316e-02 3.559562792681847387e-02
3.373780000000000200e+03 5.739230000000000026e-02 4.433585489591874290e-02
3.373849999999999909e+03 6.982460000000000055e-02 5.320120889491593286e-02
3.373929999999999836e+03 7.725990000000000635e-02 6.476496226503822284e-02
3.374000000000000000e+03 8.447609999999999841e-02 7.612079898051822557e-02
3.374079999999999927e+03 9.279339999999999811e-02 9.042119682291353822e-02
3.374150000000000091e+03 1.023919999999999969e-01 1.039412295346544696e-01
3.374230000000000018e+03 1.199670000000000042e-01 1.202669232468201455e-01
3.374300000000000182e+03 1.422970000000000068e-01 1.349979357552408554e-01
3.374380000000000109e+03 1.591370000000000007e-01 1.518571173600406776e-01
3.374449999999999818e+03 1.700730000000000020e-01 1.661401548298611919e-01
3.374530000000000200e+03 1.825009999999999966e-01 1.812582885518907450e-01
3.374599999999999909e+03 1.991769999999999929e-01 1.928187194667232984e-01
3.374679999999999836e+03 2.153629999999999989e-01 2.033584796933763927e-01
3.374750000000000000e+03 2.256279999999999952e-01 2.096034092079933353e-01
3.374829999999999927e+03 2.295669999999999933e-01 2.126172169744237062e-01
3.374900000000000091e+03 2.296709999999999863e-01 2.111147793799571237e-01
3.374980000000000018e+03 2.272500000000000075e-01 2.041599407015269596e-01
3.375050000000000182e+03 2.192769999999999997e-01 1.932077367506577770e-01
3.375130000000000109e+03 1.982679999999999998e-01 1.749947755777957470e-01
3.375199999999999818e+03 1.705190000000000039e-01 1.541595476925415598e-01
3.375280000000000200e+03 1.450289999999999913e-01 1.251136619298797992e-01
3.375349999999999909e+03 1.149529999999999996e-01 9.565842296042739723e-02
3.375429999999999836e+03 7.754830000000000056e-02 5.830625995261207173e-02
3.375500000000000000e+03 3.736149999999999888e-02 2.338943932818030036e-02
3.375579999999999927e+03 -9.758780000000000102e-04 -1.768273402822883450e-02
3.375650000000000091e+03 -3.654170000000000335e-02 -5.339927821327999924e-02
3.375730000000000018e+03 -7.209369999999999667e-02 -9.250356504918393064e-02
3.375800000000000182e+03 -1.068439999999999945e-01 -1.241123879835983324e-01
3.375880000000000109e+03 -1.387720000000000065e-01 -1.561599499223308152e-01
3.375949999999999818e+03 -1.636259999999999937e-01 -1.799438868738006680e-01
3.376030000000000200e+03 -1.819689999999999919e-01 -2.017193318813209346e-01
3.376099999999999909e+03 -1.962230000000000085e-01 -2.158206493130369885e-01
3.376179999999999836e+03 -2.038889999999999869e-01 -2.262652184055992111e-01
3.376250000000000000e+03 -2.091449999999999976e-01 -2.306207997518667230e-01
3.376329999999999927e+03 -2.114679999999999893e-01 -2.305369963682682155e-01
3.376400000000000091e+03 -2.067209999999999881e-01 -2.265027970773789423e-01
3.376480000000000018e+03 -1.998860000000000081e-01 -2.180370966764998975e-01
3.376550000000000182e+03 -1.915979999999999905e-01 -2.078769765770691336e-01
3.376630000000000109e+03 -1.793899999999999939e-01 -1.938884433544492136e-01
3.376699999999999818e+03 -1.616319999999999979e-01 -1.802028160739461426e-01
3.376780000000000200e+03 -1.439300000000000024e-01 -1.636223104222924996e-01
3.376849999999999909e+03 -1.327379999999999949e-01 -1.488282141496190536e-01
3.376929999999999836e+03 -1.212929999999999980e-01 -1.321432142184411351e-01
3.377000000000000000e+03 -1.077130000000000032e-01 -1.181132413401326797e-01
3.377079999999999927e+03 -9.704790000000000638e-02 -1.030719476285523323e-01
3.377150000000000091e+03 -8.674990000000000478e-02 -9.098030791188764510e-02
3.377230000000000018e+03 -7.468760000000000676e-02 -7.852914377396962020e-02
3.377300000000000182e+03 -6.497890000000000610e-02 -6.888411249665531144e-02
3.377380000000000109e+03 -5.490790000000000254e-02 -5.928454453434122556e-02
3.377449999999999818e+03 -4.620880000000000126e-02 -5.208153798902716985e-02
3.377530000000000200e+03 -4.187439999999999912e-02 -4.512027889573072548e-02
3.377599999999999909e+03 -3.789270000000000138e-02 -4.003893726911521289e-02
3.377679999999999836e+03 -3.372909999999999797e-02 -3.525026118131079078e-02
3.377750000000000000e+03 -3.029350000000000098e-02 -3.183475544622659664e-02
3.377829999999999927e+03 -2.672300000000000023e-02 -2.868069329289294270e-02
3.377900000000000091e+03 -2.121249999999999872e-02 -2.647017335504335198e-02
3.377980000000000018e+03 -1.866080000000000169e-02 -2.445661871139167068e-02
3.378050000000000182e+03 -2.051170000000000077e-02 -2.305881463730704781e-02
3.378130000000000109e+03 -1.937480000000000105e-02 -2.179076062259107174e-02
3.378199999999999818e+03 -1.412069999999999992e-02 -2.090873675485835012e-02
3.378280000000000200e+03 -1.142349999999999963e-02 -2.010119124606210214e-02
3.378349999999999909e+03 -1.103679999999999939e-02 -1.952990736846800524e-02
3.378429999999999836e+03 -9.249359999999999873e-03 -1.899377224331836450e-02
3.378500000000000000e+03 -8.023469999999999561e-03 -1.860217525613884829e-02
3.378579999999999927e+03 -5.957819999999999956e-03 -1.822068946661501571e-02
3.378650000000000091e+03 -5.979469999999999751e-03 -1.793046432135170926e-02
3.378730000000000018e+03 -9.710339999999999597e-03 -1.763592927962520304e-02
3.378800000000000182e+03 -1.064219999999999923e-02 -1.740294127272026814e-02
3.378880000000000109e+03 -8.985270000000000062e-03 -1.715817098512777833e-02
3.378949999999999818e+03 -6.893980000000000073e-03 -1.695873377290981268e-02
3.379030000000000200e+03 -4.774399999999999825e-03 -1.674415403260336860e-02
3.379099999999999909e+03 -4.611539999999999910e-03 -1.656598840772554801e-02
3.379179999999999836e+03 -6.349259999999999800e-03 -1.637154464676409543e-02
3.379250000000000000e+03 -3.558509999999999972e-03 -1.620835553304034865e-02
3.379329999999999927e+03 -7.748180000000000345e-04 -1.602885327285489062e-02
3.379400000000000091e+03 -5.175600000000000252e-04 -1.587732546025608787e-02
3.379480000000000018e+03 2.901480000000000118e-03 -1.570993971242327231e-02
3.379550000000000182e+03 2.080209999999999872e-03 -1.556818606525144089e-02
3.379630000000000109e+03 -6.475400000000000513e-04 -1.541121502217028885e-02
3.379699999999999818e+03 -1.337330000000000072e-03 -1.527802304455139898e-02
3.379780000000000200e+03 -5.052380000000000412e-03 -1.513029931301083236e-02
3.379849999999999909e+03 -6.348109999999999691e-03 -1.500478404903704370e-02
3.379929999999999836e+03 -3.620659999999999937e-03 -1.486540906724833667e-02
3.380000000000000000e+03 -3.462409999999999967e-03 -1.474685912129758761e-02
3.380079999999999927e+03 -2.449660000000000205e-03 -1.461508647375242553e-02
3.380150000000000091e+03 1.860639999999999994e-03 -1.450289641063086388e-02
3.380230000000000018e+03 5.414719999999999603e-03 -1.437807999391381084e-02
3.380300000000000182e+03 8.031649999999999553e-03 -1.427171946763701113e-02
3.380380000000000109e+03 7.398110000000000276e-03 -1.415328870376035553e-02
3.380449999999999818e+03 2.918179999999999819e-03 -1.405228669503063091e-02
3.380530000000000200e+03 -5.522310000000000326e-04 -1.393973281631061614e-02
3.380599999999999909e+03 -1.471450000000000015e-04 -1.384366809664740010e-02
3.380679999999999836e+03 0.000000000000000000e+00 -1.373653509970784205e-02
3.380750000000000000e+03 -3.384480000000000040e-03 -1.364502943824295184e-02
3.380829999999999927e+03 -5.071179999999999785e-03 -1.354290723384168720e-02
3.380900000000000091e+03 -1.585800000000000057e-03 -1.345562001077563012e-02
3.380980000000000018e+03 2.752730000000000107e-03 -1.335813881625241319e-02
3.381050000000000182e+03 3.547820000000000140e-03 -1.327476251662416951e-02
3.381130000000000109e+03 3.551420000000000011e-03 -1.318158809849326145e-02
3.381199999999999818e+03 4.191529999999999735e-03 -1.310184445374572987e-02
3.381280000000000200e+03 3.479830000000000163e-03 -1.301267402998463468e-02
3.381349999999999909e+03 1.798689999999999924e-03 -1.293631068122359784e-02
3.381429999999999836e+03 1.458340000000000027e-03 -1.285086936778468900e-02
3.381500000000000000e+03 2.470550000000000176e-03 -1.277765696615828020e-02
3.381579999999999927e+03 3.011100000000000061e-03 -1.269569468386746655e-02
3.381650000000000091e+03 8.359010000000000051e-04 -1.262542436300522451e-02
3.381730000000000018e+03 -1.393380000000000053e-03 -1.254671313786401288e-02
3.381800000000000182e+03 9.754530000000000405e-04 -1.247919430508108267e-02
3.381880000000000109e+03 3.276349999999999922e-03 -1.240352590626113242e-02
3.381949999999999818e+03 4.502120000000000080e-03 -1.233858430781368219e-02
3.382030000000000200e+03 4.436070000000000291e-03 -1.226576817634875312e-02
3.382099999999999909e+03 -9.393729999999999658e-04 -1.220324419887666365e-02
3.382179999999999836e+03 -5.703429999999999785e-03 -1.213310562717716257e-02
3.382250000000000000e+03 -6.138399999999999586e-03 -1.207285280316403725e-02
3.382329999999999927e+03 -4.889819999999999584e-03 -1.200523133141687994e-02
3.382400000000000091e+03 -2.175499999999999916e-03 -1.194711502125836260e-02
3.382480000000000018e+03 -7.650400000000000342e-04 -1.188186302178834489e-02
3.382550000000000182e+03 -2.207349999999999850e-03 -1.182575924907503656e-02
3.382630000000000109e+03 -3.049029999999999883e-03 -1.176274067394366546e-02
3.382699999999999818e+03 -1.311010000000000040e-03 -1.170853509395824998e-02
3.382780000000000200e+03 -2.283389999999999834e-05 -1.164762436464286156e-02
3.382849999999999909e+03 -9.149530000000000336e-04 -1.159521134892609051e-02
3.382929999999999836e+03 -2.309449999999999784e-03 -1.153629236993129054e-02
3.383000000000000000e+03 -2.647239999999999923e-03 -1.148557419220188822e-02
3.383079999999999927e+03 -3.079569999999999790e-03 -1.142853947299790618e-02
3.383150000000000091e+03 -1.533590000000000040e-03 -1.137942558376027827e-02
3.383230000000000018e+03 4.099710000000000333e-03 -1.132417545561834396e-02
3.383300000000000182e+03 5.431759999999999887e-03 -1.127658183453716587e-02
3.383380000000000109e+03 6.310470000000000315e-04 -1.122302375065915500e-02
3.383449999999999818e+03 -2.601140000000000049e-03 -1.117687232726951446e-02
3.383530000000000200e+03 -1.570020000000000096e-03 -1.112492023618258212e-02
3.383599999999999909e+03 -3.643340000000000120e-04 -1.108013837076383783e-02
3.383679999999999836e+03 -5.234390000000000006e-04 -1.102971215428744101e-02
