3.320000000000000000e+03 8.868179999999999813e-03 -2.056912918088607458e-03
3.320079999999999927e+03 9.216759999999999189e-03 -2.056912918088607458e-03
3.320150000000000091e+03 8.014800000000000743e-03 -2.056912918088607458e-03
3.320230000000000018e+03 6.686600000000000009e-03 -2.056912918088607458e-03
3.320300000000000182e+03 8.340190000000000797e-03 -2.056912918088607458e-03
3.320380000000000109e+03 9.908319999999999975e-03 -2.056912918088607458e-03
3.320449999999999818e+03 8.420540000000000663e-03 -2.056912918088607458e-03
3.320530000000000200e+03 9.610709999999999739e-03 -2.056912918088607458e-03
3.320599999999999909e+03 8.297479999999999439e-03 -2.056912918088607458e-03
3.320679999999999836e+03 2.140780000000000113e-03 -2.056912918088607458e-03
3.320750000000000000e+03 1.694629999999999867e-04 -2.056912918088607458e-03
3.320829999999999927e+03 6.411449999999999745e-04 -2.056912918088607458e-03
3.320900000000000091e+03 7.091139999999999466e-04 -2.056912918088607458e-03
3.320980000000000018e+03 0.000000000000000000e+00 -2.056912918088607458e-03
3.321050000000000182e+03 -1.872330000000000012e-04 -2.056912918088607458e-03
3.321130000000000109e+03 2.153989999999999887e-04 -2.056912918088607458e-03
3.321199999999999818e+03 -1.577099999999999900e-03 -2.056912918088607458e-03
3.321280000000000200e+03 -4.265329999999999903e-04 -2.056912918088607458e-03
3.321349999999999909e+03 4.128099999999999999e-03 -2.056912918088607458e-03
3.321429999999999836e+03 5.388689999999999800e-03 -2.056912918088607458e-03
3.321500000000000000e+03 3.413139999999999837e-03 -2.056912918088607458e-03
3.321579999999999927e+03 2.279199999999999889e-03 -2.056912918088607458e-03
3.321650000000000091e+03 3.661090000000000091e-03 -2.056912918088607458e-03
3.321730000000000018e+03 5.246950000000000225e-03 -2.056912918088607458e-03
3.321800000000000182e+03 6.119969999999999750e-03 -2.056912918088607458e-03
3.321880000000000109e+03 5.346929999999999739e-03 -2.056912918088607458e-03
3.321949999999999818e+03 3.119600000000000151e-03 -2.056912918088607458e-03
3.322030000000000200e+03 1.210899999999999997e-03 -2.056912918088607458e-03
3.322099999999999909e+03 1.309969999999999928e-03 -2.056912918088607458e-03
3.322179999999999836e+03 3.145250000000000042e-03 -2.056912918088607458e-03
3.322250000000000000e+03 2.233220000000000170e-03 -2.056912918088607458e-03
3.322329999999999927e+03 -4.325409999999999910e-04 -2.056912918088607458e-03
3.322400000000000091e+03 -2.331219999999999950e-04 -2.056912918088607458e-03
3.322480000000000018e+03 1.626990000000000033e-03 -2.056912918088607458e-03
3.322550000000000182e+03 1.577810000000000020e-03 -2.056912918088607458e-03
3.322630000000000109e+03 1.653739999999999898e-03 -2.056912918088607458e-03
3.322699999999999818e+03 1.606460000000000093e-03 -2.056912918088607458e-03
3.322780000000000200e+03 -1.080079999999999972e-03 -2.056912918088607458e-03
3.322849999999999909e+03 -2.492980000000000109e-03 -2.056912918088607458e-03
3.322929999999999836e+03 -9.312609999999999595e-04 -2.056912918088607458e-03
3.323000000000000000e+03 6.237540000000000185e-04 -2.056912918088607458e-03
3.323079999999999927e+03 2.359480000000000171e-03 -2.056912918088607458e-03
3.323150000000000091e+03 4.792799999999999838e-03 -2.056912918088607458e-03
3.323230000000000018e+03 5.730569999999999935e-03 -2.056912918088607458e-03
3.323300000000000182e+03 5.413939999999999898e-03 -2.056912918088607458e-03
3.323380000000000109e+03 2.459480000000000000e-03 -2.056912918088607458e-03
3.323449999999999818e+03 -1.264549999999999919e-03 -2.056912918088607458e-03
3.323530000000000200e+03 8.961420000000000540e-04 -2.056912918088607458e-03
3.323599999999999909e+03 6.656470000000000269e-03 -2.056912918088607458e-03
3.323679999999999836e+03 8.274820000000000439e-03 -2.056912918088607458e-03
3.323750000000000000e+03 5.370109999999999988e-03 -2.056912918088607458e-03
3.323829999999999927e+03 3.501699999999999952e-03 -2.056912918088607024e-03
3.323900000000000091e+03 2.765679999999999961e-03 -2.056912918088607024e-03
3.323980000000000018e+03 1.656090000000000036e-03 -2.056912918088605723e-03
3.324050000000000182e+03 2.172729999999999887e-03 -2.056912918088603555e-03
3.324130000000000109e+03 4.500500000000000160e-03 -2.056912918088597917e-03
3.324199999999999818e+03 4.900029999999999664e-03 -2.056912918088585340e-03
3.324280000000000200e+03 4.520119999999999867e-03 -2.056912918088551513e-03
3.324349999999999909e+03 4.900780000000000414e-03 -2.056912918088482558e-03
3.324429999999999836e+03 4.640599999999999933e-03 -2.056912918088297376e-03
3.324500000000000000e+03 5.768419999999999798e-03 -2.056912918087927446e-03
3.324579999999999927e+03 8.635500000000000814e-03 -2.056912918086957302e-03
3.324650000000000091e+03 1.057869999999999991e-02 -2.056912918085057346e-03
3.324730000000000018e+03 1.039849999999999976e-02 -2.056912918080177569e-03
3.324800000000000182e+03 8.646459999999999910e-03 -2.056912918070810496e-03
3.324880000000000109e+03 9.761900000000000438e-03 -2.056912918047250783e-03
3.324949999999999818e+03 1.462169999999999963e-02 -2.056912918002930333e-03
3.325030000000000200e+03 1.475199999999999949e-02 -2.056912917893769389e-03
3.325099999999999909e+03 1.107769999999999935e-02 -2.056912917692536261e-03
3.325179999999999836e+03 8.526090000000000058e-03 -2.056912917207178847e-03
3.325250000000000000e+03 7.397860000000000026e-03 -2.056912916330437026e-03
3.325329999999999927e+03 9.105759999999999202e-03 -2.056912914259737078e-03
3.325400000000000091e+03 9.689629999999999424e-03 -2.056912910594638037e-03
3.325480000000000018e+03 7.034470000000000132e-03 -2.056912902118480328e-03
3.325550000000000182e+03 7.961750000000000077e-03 -2.056912887418955744e-03
3.325630000000000109e+03 1.078540000000000054e-02 -2.056912854132459355e-03
3.325699999999999818e+03 9.302309999999999399e-03 -2.056912797575825413e-03
3.325780000000000200e+03 7.216629999999999920e-03 -2.056912672180425186e-03
3.325849999999999909e+03 7.207609999999999711e-03 -2.056912463451931496e-03
3.325929999999999836e+03 4.994919999999999916e-03 -2.056912010353346802e-03
3.326000000000000000e+03 2.834940000000000203e-03 -2.056911271516279754e-03
3.326079999999999927e+03 5.529639999999999729e-03 -2.056909701334955383e-03
3.326150000000000091e+03 6.975710000000000417e-03 -2.056907193319525498e-03
3.326230000000000018e+03 6.906169999999999670e-03 -2.056901975416491803e-03
3.326300000000000182e+03 8.255939999999999807e-03 -2.056893812103303618e-03
3.326380000000000109e+03 4.644940000000000180e-03 -2.056877186849805517e-03
3.326449999999999818e+03 -6.828480000000000053e-04 -2.056851713208979020e-03
3.326530000000000200e+03 -4.013789999999999936e-04 -2.056800932756411727e-03
3.326599999999999909e+03 2.709370000000000007e-03 -2.056724737153986949e-03
3.326679999999999836e+03 2.421319999999999809e-03 -2.056576074228961583e-03
3.326750000000000000e+03 4.039460000000000251e-04 -2.056357650233621263e-03
3.326829999999999927e+03 5.688699999999999660e-04 -2.055940589885845056e-03
3.326900000000000091e+03 -2.979060000000000171e-04 -2.055340647834949432e-03
3.326980000000000018e+03 -1.041140000000000078e-03 -2.054219697354780615e-03
3.327050000000000182e+03 -2.126840000000000067e-03 -2.052641171645951806e-03
3.327130000000000109e+03 -2.914570000000000008e-03 -2.049755457630864953e-03
3.327199999999999818e+03 7.370350000000000339e-04 -2.045777977888572560e-03
3.327280000000000200e+03 5.528800000000000381e-03 -2.038664665536446194e-03
3.327349999999999909e+03 7.939369999999999414e-03 -2.029069738041500842e-03
3.327429999999999836e+03 7.634349999999999817e-03 -2.012285724801879915e-03
3.327500000000000000e+03 7.988449999999999371e-03 -1.990134608558199666e-03
3.327579999999999927e+03 8.822220000000000409e-03 -1.952241874711191675e-03
3.327650000000000091e+03 7.915949999999999723e-03 -1.903321771316485210e-03
3.327730000000000018e+03 9.165319999999999370e-03 -1.821502574172433574e-03
3.327800000000000182e+03 1.065679999999999926e-02 -1.718201800471096672e-03
3.327880000000000109e+03 9.118350000000000760e-03 -1.549328104911018231e-03
3.327949999999999818e+03 9.009470000000000325e-03 -1.340882774986117219e-03
3.328030000000000200e+03 1.249660000000000007e-02 -1.007915748354168200e-03
3.328099999999999909e+03 1.634999999999999995e-02 -6.062617561971867658e-04
3.328179999999999836e+03 1.926229999999999956e-02 2.041316939721451312e-05
3.328250000000000000e+03 2.044690000000000049e-02 7.588599760268033984e-04
3.328329999999999927e+03 1.841989999999999947e-02 1.883679110202585421e-03
3.328400000000000091e+03 1.708519999999999830e-02 3.177716336021630793e-03
3.328480000000000018e+03 1.913979999999999848e-02 5.100915839926833950e-03
3.328550000000000182e+03 2.190100000000000033e-02 7.259540673246482959e-03
3.328630000000000109e+03 2.435479999999999937e-02 1.038734622945647161e-02
3.328699999999999818e+03 2.774889999999999995e-02 1.380950784689967230e-02
3.328780000000000200e+03 3.260860000000000147e-02 1.863921508639782704e-02
3.328849999999999909e+03 3.601490000000000247e-02 2.378428210509340654e-02
3.328929999999999836e+03 3.938300000000000134e-02 3.084743984617813184e-02
3.329000000000000000e+03 4.572009999999999963e-02 3.816229186177579752e-02
3.329079999999999927e+03 5.352570000000000244e-02 4.791250525669575600e-02
3.329150000000000091e+03 6.239530000000000076e-02 5.770768768304184587e-02
3.329230000000000018e+03 7.210129999999999317e-02 7.035179296344683253e-02
3.329300000000000182e+03 8.244010000000000227e-02 8.263424157606565068e-02
3.329380000000000109e+03 9.124730000000000341e-02 9.792748002551900088e-02
3.329449999999999818e+03 1.032229999999999953e-01 1.122196910798172742e-01
3.329530000000000200e+03 1.200190000000000007e-01 1.292729944282624832e-01
3.329599999999999909e+03 1.381509999999999960e-01 1.444721370524440773e-01
3.329679999999999836e+03 1.589419999999999999e-01 1.616429965208189823e-01
3.329750000000000000e+03 1.782529999999999948e-01 1.759877640744247074e-01
3.329829999999999927e+03 1.961970000000000103e-01 1.909319187204925883e-01
3.329900000000000091e+03 2.119459999999999955e-01 2.021380717935041815e-01
3.329980000000000018e+03 2.227790000000000048e-01 2.120756301181482839e-01
3.330050000000000182e+03 2.318929999999999880e-01 2.176660144220592952e-01
3.330130000000000109e+03 2.374189999999999912e-01 2.198598597939012411e-01
3.330199999999999818e+03 2.363520000000000065e-01 2.176548079712409545e-01
3.330280000000000200e+03 2.291459999999999886e-01 2.100231144606556355e-01
3.330349999999999909e+03 2.153239999999999876e-01 1.986896819945247472e-01
3.330429999999999836e+03 1.966090000000000060e-01 1.804042014064080601e-01
3.330500000000000000e+03 1.767589999999999995e-01 1.599143701290785258e-01
3.330579999999999927e+03 1.532560000000000033e-01 1.318036459088809675e-01
3.330650000000000091e+03 1.243630000000000013e-01 1.036481963733635048e-01
3.330730000000000018e+03 8.853969999999999896e-02 6.825306947616596731e-02
3.330800000000000182e+03 4.792910000000000226e-02 3.531084345077141473e-02
3.330880000000000109e+03 1.242620000000000009e-02 -3.470780153732461789e-03
3.330949999999999818e+03 -2.096059999999999937e-02 -3.741051111713346311e-02
3.331030000000000200e+03 -5.926590000000000330e-02 -7.502817991220972482e-02
3.331099999999999909e+03 -9.831180000000000474e-02 -1.059826429535960235e-01
3.331179999999999836e+03 -1.315759999999999985e-01 -1.381116389716377235e-01
3.331250000000000000e+03 -1.578019999999999978e-01 -1.626733566106546569e-01
3.331329999999999927e+03 -1.784650000000000125e-01 -1.860324814084714506e-01
3.331400000000000091e+03 -1.977490000000000081e-01 -2.019848623276434829e-01
3.331480000000000018e+03 -2.144719999999999960e-01 -2.148800514925091054e-01
3.331550000000000182e+03 -2.190459999999999907e-01 -2.215064856360315637e-01
3.331630000000000109e+03 -2.161690000000000000e-01 -2.239780044411683324e-01
3.331699999999999818e+03 -2.134900000000000131e-01 -2.220112658429167773e-01
3.331780000000000200e+03 -2.058399999999999952e-01 -2.155877333335897983e-01
3.331849999999999909e+03 -1.934670000000000001e-01 -2.068554636662874591e-01
3.331929999999999836e+03 -1.798170000000000046e-01 -1.940296457386123663e-01
3.332000000000000000e+03 -1.642280000000000129e-01 -1.809299155081871002e-01
3.332079999999999927e+03 -1.485269999999999924e-01 -1.645314494932045013e-01
3.332150000000000091e+03 -1.349440000000000084e-01 -1.494967663375958433e-01
3.332230000000000018e+03 -1.199349999999999999e-01 -1.321327661369666173e-01
3.332300000000000182e+03 -1.031709999999999988e-01 -1.172121550329897066e-01
3.332380000000000109e+03 -9.134849999999999914e-02 -1.008913090982818533e-01
3.332449999999999818e+03 -8.173950000000000660e-02 -8.751851129395706030e-02
3.332530000000000200e+03 -7.129900000000000126e-02 -7.349724832269075026e-02
3.332599999999999909e+03 -6.418859999999999844e-02 -6.244654274711923525e-02
3.332679999999999836e+03 -5.598240000000000161e-02 -5.126757992050558904e-02
3.332750000000000000e+03 -4.710709999999999897e-02 -4.275004465507455109e-02
3.332829999999999927e+03 -4.545729999999999910e-02 -3.440362592123242386e-02
3.332900000000000091e+03 -4.388580000000000259e-02 -2.823615060173758837e-02
3.332980000000000018e+03 -3.591749999999999804e-02 -2.236659550702022048e-02
3.333050000000000182e+03 -2.881010000000000168e-02 -1.815114302283008310e-02
3.333130000000000109e+03 -2.484839999999999965e-02 -1.424772459530253624e-02
3.333199999999999818e+03 -2.202720000000000025e-02 -1.151886385050778297e-02
3.333280000000000200e+03 -2.039140000000000050e-02 -9.057015796915609748e-03
3.333349999999999909e+03 -1.909059999999999924e-02 -7.379812433422139675e-03
3.333429999999999836e+03 -1.633990000000000095e-02 -5.904180274779109380e-03
3.333500000000000000e+03 -1.144919999999999966e-02 -4.923642945282398140e-03
3.333579999999999927e+03 -8.669970000000000801e-03 -4.081657165104101218e-03
3.333650000000000091e+03 -9.552349999999999383e-03 -3.535593480202603878e-03
3.333730000000000018e+03 -1.134420000000000046e-02 -3.077664306281445439e-03
3.333800000000000182e+03 -1.164429999999999979e-02 -2.787648905277338978e-03
3.333880000000000109e+03 -9.308910000000000101e-03 -2.550016190435727085e-03
3.333949999999999818e+03 -8.481119999999999978e-03 -2.402987414827930344e-03
3.334030000000000200e+03 -1.039859999999999916e-02 -2.285227037175187326e-03
3.334099999999999909e+03 -9.781740000000000573e-03 -2.214018111420645602e-03
3.334179999999999836e+03 -7.860560000000000810e-03 -2.158245582242790481e-03
3.334250000000000000e+03 -7.657249999999999994e-03 -2.125269662262683438e-03
3.334329999999999927e+03 -8.533989999999999979e-03 -2.099995244265586390e-03
3.334400000000000091e+03 -1.161279999999999951e-02 -2.085364591448942914e-03
3.334480000000000018e+03 -9.956080000000000832e-03 -2.074359739743856460e-03
3.334550000000000182e+03 -4.493679999999999897e-03 -2.068081383661181209e-03
3.334630000000000109e+03 -5.477609999999999944e-03 -2.063373189650260196e-03
3.334699999999999818e+03 -7.728610000000000341e-03 -2.060626492999930240e-03
3.334780000000000200e+03 -6.631230000000000110e-03 -2.058400288047567295e-03
3.334849999999999909e+03 -5.306130000000000048e-03 -2.056853118678415599e-03
3.334929999999999836e+03 -5.610910000000000203e-03 -2.055169222271889615e-03
3.335000000000000000e+03 -7.426649999999999918e-03 -2.053491678488492990e-03
3.335079999999999927e+03 -8.650770000000000334e-03 -2.050999111091834481e-03
3.335150000000000091e+03 -8.289519999999999875e-03 -2.047981445782226170e-03
3.335230000000000018e+03 -8.834929999999999520e-03 -2.043075036666579160e-03
3.335300000000000182e+03 -9.636330000000000243e-03 -2.036958899073590054e-03
3.335380000000000109e+03 -8.223400000000000501e-03 -2.027021432232129373e-03
3.335449999999999818e+03 -6.874129999999999997e-03 -2.014795019779980385e-03
3.335530000000000200e+03 -7.482789999999999581e-03 -1.995301581014436321e-03
3.335599999999999909e+03 -8.304670000000000107e-03 -1.971813601296960785e-03
3.335679999999999836e+03 -6.400610000000000153e-03 -1.935190079752565490e-03
3.335750000000000000e+03 -4.217280000000000334e-03 -1.892044348367713427e-03
3.335829999999999927e+03 -3.611360000000000091e-03 -1.826313383198039470e-03
3.335900000000000091e+03 -2.697049999999999882e-03 -1.750654584045544492e-03
3.335980000000000018e+03 -3.028850000000000032e-03 -1.638107464085001739e-03
3.336050000000000182e+03 -5.608179999999999936e-03 -1.511620590290663983e-03
3.336130000000000109e+03 -5.317139999999999714e-03 -1.328028287274096199e-03
3.336199999999999818e+03 -2.874709999999999939e-03 -1.126732240992998207e-03
3.336280000000000200e+03 -3.552800000000000055e-03 -8.419014210713157698e-04
3.336349999999999909e+03 -3.270470000000000148e-03 -5.375443804417887918e-04
3.336429999999999836e+03 1.378730000000000012e-06 -1.182088504008624308e-04
3.336500000000000000e+03 7.293479999999999972e-04 3.178724014443992836e-04
3.336579999999999927e+03 8.043329999999999577e-04 9.019472491799056073e-04
3.336650000000000091e+03 5.488840000000000038e-03 1.491936672672737087e-03
3.336730000000000018e+03 8.920569999999999194e-03 2.258361192675087652e-03
3.336800000000000182e+03 7.103670000000000297e-03 3.008252654552550937e-03
3.336880000000000109e+03 5.587080000000000345e-03 3.949829303305446918e-03
3.336949999999999818e+03 6.348580000000000369e-03 4.838346259423189841e-03
3.337030000000000200e+03 7.140600000000000419e-03 5.910771142119847568e-03
3.337099999999999909e+03 8.209340000000000734e-03 6.879786298297295433e-03
3.337179999999999836e+03 1.066450000000000037e-02 7.993211301889563761e-03
3.337250000000000000e+03 1.278810000000000016e-02 8.943578142679164261e-03
3.337329999999999927e+03 1.433429999999999947e-02 9.962686216199242648e-03
3.337400000000000091e+03 1.562809999999999894e-02 1.075937295727261156e-02
3.337480000000000018e+03 1.569179999999999880e-02 1.151573508442574334e-02
3.337550000000000182e+03 1.465920000000000070e-02 1.200454845741316320e-02
3.337630000000000109e+03 1.317330000000000063e-02 1.232224926170114032e-02
3.337699999999999818e+03 1.273919999999999914e-02 1.235726139898911044e-02
3.337780000000000200e+03 1.256889999999999917e-02 1.208853184727542822e-02
3.337849999999999909e+03 9.980829999999999563e-03 1.156534357585953937e-02
3.337929999999999836e+03 5.763670000000000251e-03 1.062851369486412893e-02
3.338000000000000000e+03 4.862870000000000040e-03 9.515119150947312643e-03
3.338079999999999927e+03 6.158359999999999876e-03 7.924403750789130521e-03
3.338150000000000091e+03 5.913060000000000364e-03 6.280239500741626943e-03
3.338230000000000018e+03 2.577059999999999941e-03 4.157273241340950221e-03
3.338300000000000182e+03 -1.481789999999999973e-03 2.133042245316035205e-03
3.338380000000000109e+03 -2.600290000000000002e-04 -3.057878117930098397e-04
3.338449999999999818e+03 2.228659999999999929e-03 -2.489920934030785508e-03
3.338530000000000200e+03 3.916699999999999956e-04 -4.969439559110600674e-03
3.338599999999999909e+03 -4.482650000000000350e-03 -7.063199842195888589e-03
3.338679999999999836e+03 -7.117100000000000336e-03 -9.300533492636060134e-03
3.338750000000000000e+03 -5.601550000000000279e-03 -1.107072465310006935e-02
3.338829999999999927e+03 -6.265539999999999998e-03 -1.282840463074205392e-02
3.338900000000000091e+03 -1.030780000000000064e-02 -1.410163673617604793e-02
3.338980000000000018e+03 -1.272509999999999961e-02 -1.522893487186591753e-02
3.339050000000000182e+03 -1.184110000000000024e-02 -1.591907114968143383e-02
3.339130000000000109e+03 -1.284919999999999986e-02 -1.637165936405507102e-02
3.339199999999999818e+03 -1.637720000000000148e-02 -1.648611973953827137e-02
3.339280000000000200e+03 -1.435050000000000041e-02 -1.632101955941827470e-02
3.339349999999999909e+03 -1.235089999999999973e-02 -1.594657209809708515e-02
3.339429999999999836e+03 -1.759159999999999890e-02 -1.529660678313638986e-02
3.339500000000000000e+03 -1.955600000000000047e-02 -1.457090565120794726e-02
3.339579999999999927e+03 -1.541129999999999931e-02 -1.360793705165596994e-02
3.339650000000000091e+03 -1.254450000000000010e-02 -1.268599812157921239e-02
3.339730000000000018e+03 -1.003639999999999914e-02 -1.158369429203140802e-02
3.339800000000000182e+03 -7.893850000000000866e-03 -1.060815854422331693e-02
3.339880000000000109e+03 -9.188939999999999608e-03 -9.513013257422549274e-03
3.339949999999999818e+03 -1.202010000000000058e-02 -8.594147521756663813e-03
3.340030000000000200e+03 -9.740860000000000490e-03 -7.609316902034625463e-03
3.340099999999999909e+03 -4.667390000000000427e-03 -6.816731449722519126e-03
3.340179999999999836e+03 -4.561220000000000378e-03 -5.998791346399724722e-03
3.340250000000000000e+03 -3.891509999999999934e-03 -5.363341433456113652e-03
3.340329999999999927e+03 -3.687590000000000247e-04 -4.728791445776054508e-03
3.340400000000000091e+03 2.810819999999999898e-03 -4.251052021826456397e-03
3.340480000000000018e+03 7.392430000000000181e-03 -3.787979162923746888e-03
3.340550000000000182e+03 8.832029999999999395e-03 -3.449250469309119403e-03
3.340630000000000109e+03 3.751410000000000161e-03 -3.129867714198183819e-03
3.340699999999999818e+03 -3.274339999999999977e-06 -2.902480826559854232e-03
3.340780000000000200e+03 5.268459999999999983e-03 -2.693604517615663923e-03
3.340849999999999909e+03 1.596099999999999949e-02 -2.548674415709189199e-03
3.340929999999999836e+03 1.965839999999999949e-02 -2.418823707509158531e-03
3.341000000000000000e+03 1.431220000000000062e-02 -2.330928264471321051e-03
3.341079999999999927e+03 1.088270000000000036e-02 -2.254045851813357790e-03
3.341150000000000091e+03 1.391640000000000064e-02 -2.203228272292519479e-03
3.341230000000000018e+03 1.789299999999999918e-02 -2.159782223972556928e-03
3.341300000000000182e+03 1.574789999999999870e-02 -2.131693044867948809e-03
3.341380000000000109e+03 1.068580000000000051e-02 -2.108147043711330881e-03
3.341449999999999818e+03 1.149739999999999963e-02 -2.093159380387581061e-03
3.341530000000000200e+03 1.405840000000000041e-02 -2.080662477178093963e-03
3.341599999999999909e+03 1.274969999999999923e-02 -2.072580082537950081e-03
3.341679999999999836e+03 1.342269999999999922e-02 -2.065417462727305205e-03
3.341750000000000000e+03 1.649979999999999850e-02 -2.060096065637156710e-03
3.341829999999999927e+03 1.463730000000000066e-02 -2.054091581272528451e-03
3.341900000000000091e+03 1.002789999999999931e-02 -2.047989695649041902e-03
3.341980000000000018e+03 8.513980000000000853e-03 -2.038708929128885562e-03
3.342050000000000182e+03 9.524470000000000158e-03 -2.027085883822514825e-03
3.342130000000000109e+03 1.084109999999999935e-02 -2.007337973888587927e-03
3.342199999999999818e+03 1.128840000000000052e-02 -1.981491227847995834e-03
3.342280000000000200e+03 1.240540000000000045e-02 -1.937222057762795144e-03
3.342349999999999909e+03 1.445689999999999996e-02 -1.879765927085878590e-03
3.342429999999999836e+03 1.586579999999999935e-02 -1.782952051868859009e-03
3.342500000000000000e+03 1.737910000000000149e-02 -1.659698220504989300e-03
3.342579999999999927e+03 1.759979999999999878e-02 -1.456360753333351939e-03
3.342650000000000091e+03 1.677810000000000065e-02 -1.202996283171774237e-03
3.342730000000000018e+03 1.762450000000000128e-02 -7.942018398340623415e-04
3.342800000000000182e+03 1.803000000000000089e-02 -2.959877175317765594e-04
3.342880000000000109e+03 2.098150000000000015e-02 4.898249311387262682e-04
3.342949999999999818e+03 2.510580000000000103e-02 1.426158867673419945e-03
3.343030000000000200e+03 2.495409999999999989e-02 2.869279915031891590e-03
3.343099999999999909e+03 2.541749999999999912e-02 4.549715679484934647e-03
3.343179999999999836e+03 2.821390000000000009e-02 7.079355134451480180e-03
3.343250000000000000e+03 3.366260000000000085e-02 9.956427387541263302e-03
3.343329999999999927e+03 3.918680000000000080e-02 1.418405795562913303e-02
3.343400000000000091e+03 4.240270000000000150e-02 1.887723810578107939e-02
3.343480000000000018e+03 4.803990000000000343e-02 2.560384561832246622e-02
3.343550000000000182e+03 5.831259999999999916e-02 3.288607618340921163e-02
3.343630000000000109e+03 6.907739999999999714e-02 4.305669325277670934e-02
3.343699999999999818e+03 7.617599999999999372e-02 5.378205204515029009e-02
3.343780000000000200e+03 8.475660000000000138e-02 6.835916745399989169e-02
3.343849999999999909e+03 9.994630000000000181e-02 8.330941463452053164e-02
3.343929999999999836e+03 1.177529999999999966e-01 1.030464223522870454e-01
3.344000000000000000e+03 1.353739999999999943e-01 1.226891440296037777e-01
3.344079999999999927e+03 1.555010000000000003e-01 1.478102741110743357e-01
3.344150000000000091e+03 1.766890000000000127e-01 1.719905124353283132e-01
3.344230000000000018e+03 1.984849999999999948e-01 2.018239703439239363e-01
3.344300000000000182e+03 2.241680000000000061e-01 2.294506332242085833e-01
3.344380000000000109e+03 2.531289999999999929e-01 2.621079470854614235e-01
3.344449999999999818e+03 2.830610000000000070e-01 2.909339976032461750e-01
3.344530000000000200e+03 3.149190000000000045e-01 3.231630387718915087e-01
3.344599999999999909e+03 3.493060000000000054e-01 3.497762070026210757e-01
3.344679999999999836e+03 3.836189999999999878e-01 3.771159016549301413e-01
3.344750000000000000e+03 4.133789999999999965e-01 3.972361016636625219e-01
3.344829999999999927e+03 4.358589999999999964e-01 4.145505901819896977e-01
3.344900000000000091e+03 4.498389999999999889e-01 4.236626546206079813e-01
3.344980000000000018e+03 4.521410000000000151e-01 4.260312988724719307e-01
3.345050000000000182e+03 4.439710000000000045e-01 4.202769345257456601e-01
3.345130000000000109e+03 4.305990000000000095e-01 4.040877779169992357e-01
3.345199999999999818e+03 4.100090000000000123e-01 3.812297527433670119e-01
3.345280000000000200e+03 3.749850000000000128e-01 3.452125527693737927e-01
3.345349999999999909e+03 3.280049999999999910e-01 3.054110898454898138e-01
3.345429999999999836e+03 2.725000000000000200e-01 2.513025191003426251e-01
3.345500000000000000e+03 2.078649999999999942e-01 1.974482359423846423e-01
3.345579999999999927e+03 1.376330000000000053e-01 1.300399245615117827e-01
3.345650000000000091e+03 6.530560000000000531e-02 6.748429241018925884e-02
3.345730000000000018e+03 -7.182840000000000232e-03 -6.039316087827562365e-03
3.345800000000000182e+03 -7.835780000000000522e-02 -7.034815485272430391e-02
3.345880000000000109e+03 -1.483379999999999976e-01 -1.416665092530698389e-01
3.345949999999999818e+03 -2.151450000000000029e-01 -2.004526371269060858e-01
3.346030000000000200e+03 -2.731720000000000259e-01 -2.616573275221228956e-01
3.346099999999999909e+03 -3.191249999999999920e-01 -3.086705863585513798e-01
3.346179999999999836e+03 -3.592529999999999890e-01 -3.537072070786596023e-01
3.346250000000000000e+03 -3.926499999999999990e-01 -3.848135719679436906e-01
3.346329999999999927e+03 -4.135489999999999999e-01 -4.104541046765725065e-01
3.346400000000000091e+03 -4.258899999999999908e-01 -4.242007481818085290e-01
3.346480000000000018e+03 -4.245610000000000217e-01 -4.303341975556107535e-01
3.346550000000000182e+03 -4.139689999999999759e-01 -4.278924990696021946e-01
3.346630000000000109e+03 -4.007109999999999839e-01 -4.171298878863724524e-01
3.346699999999999818e+03 -3.783850000000000269e-01 -4.017019993184821613e-01
3.346780000000000200e+03 -3.544320000000000248e-01 -3.784810358653570850e-01
3.346849999999999909e+03 -3.319900000000000073e-01 -3.543907461718386886e-01
3.346929999999999836e+03 -3.032369999999999788e-01 -3.238734198024708633e-01
3.347000000000000000e+03 -2.696310000000000096e-01 -2.956106144490726617e-01
3.347079999999999927e+03 -2.370909999999999962e-01 -2.626695224041014631e-01
3.347150000000000091e+03 -2.089759999999999951e-01 -2.341174762244543628e-01
3.347230000000000018e+03 -1.844739999999999991e-01 -2.026217008783547380e-01
3.347300000000000182e+03 -1.617129999999999956e-01 -1.765978589393067677e-01
3.347380000000000109e+03 -1.414980000000000127e-01 -1.490822285326627583e-01
3.347449999999999818e+03 -1.249190000000000023e-01 -1.272104972544041424e-01
3.347530000000000200e+03 -1.124229999999999952e-01 -1.048931927805561715e-01
3.347599999999999909e+03 -9.943689999999999474e-02 -8.773794490368262700e-02
3.347679999999999836e+03 -8.612459999999999560e-02 -7.077548686593702898e-02
3.347750000000000000e+03 -7.715729999999999811e-02 -5.812466372583898616e-02
3.347829999999999927e+03 -6.928170000000000162e-02 -4.597102755857250533e-02
3.347900000000000091e+03 -6.128480000000000039e-02 -3.715718031132825977e-02
3.347980000000000018e+03 -5.435149999999999704e-02 -2.891482401018189222e-02
3.348050000000000182e+03 -4.899680000000000007e-02 -2.309362526833880561e-02
3.348130000000000109e+03 -4.484590000000000104e-02 -1.778752089183311888e-02
3.348199999999999818e+03 -4.390859999999999902e-02 -1.413384069601804349e-02
3.348280000000000200e+03 -4.315170000000000117e-02 -1.088443716938559090e-02
3.348349999999999909e+03 -3.525820000000000343e-02 -8.701089812622778488e-03
3.348429999999999836e+03 -2.944060000000000080e-02 -6.805094019554074752e-03
3.348500000000000000e+03 -2.928129999999999969e-02 -5.561131803457860547e-03
3.348579999999999927e+03 -2.586050000000000154e-02 -4.505716233486443609e-03
3.348650000000000091e+03 -2.260130000000000125e-02 -3.829213760499018075e-03
3.348730000000000018e+03 -2.365269999999999873e-02 -3.268170776921007058e-03
3.348800000000000182e+03 -2.513390000000000069e-02 -2.916691642203702878e-03
3.348880000000000109e+03 -2.605210000000000164e-02 -2.631649542776468963e-03
3.348949999999999818e+03 -2.756890000000000035e-02 -2.457057834915871153e-03
3.349030000000000200e+03 -2.933190000000000103e-02 -2.318550247252273294e-03
3.349099999999999909e+03 -2.974339999999999970e-02 -2.235572104160255414e-03
3.349179999999999836e+03 -2.951190000000000063e-02 -2.171143543120017221e-03
3.349250000000000000e+03 -3.244940000000000324e-02 -2.133359832941046034e-03
3.349329999999999927e+03 -3.691860000000000280e-02 -2.104598124610777485e-03
3.349400000000000091e+03 -3.713310000000000222e-02 -2.088025750477983441e-03
3.349480000000000018e+03 -3.283610000000000001e-02 -2.075551125869065736e-03
3.349550000000000182e+03 -2.838780000000000123e-02 -2.068346319377740387e-03
3.349630000000000109e+03 -2.643020000000000092e-02 -2.062736238732806437e-03
3.349699999999999818e+03 -2.632879999999999943e-02 -2.059169685120217520e-03
3.349780000000000200e+03 -2.720699999999999855e-02 -2.055787936520601846e-03
3.349849999999999909e+03 -2.520060000000000008e-02 -2.052875577192515583e-03
3.349929999999999836e+03 -2.181479999999999878e-02 -2.048995447992296975e-03
3.350000000000000000e+03 -2.268080000000000096e-02 -2.044595171444020618e-03
3.350079999999999927e+03 -2.362929999999999892e-02 -2.037697126666205075e-03
3.350150000000000091e+03 -2.313720000000000013e-02 -2.029281870911926310e-03
3.350230000000000018e+03 -1.976659999999999875e-02 -2.015811647405172172e-03
3.350300000000000182e+03 -1.452490000000000031e-02 -1.999434932787761549e-03
3.350380000000000109e+03 -1.352749999999999959e-02 -1.973606215032289429e-03
3.350449999999999818e+03 -1.417339999999999919e-02 -1.942802477091131125e-03
3.350530000000000200e+03 -1.379129999999999939e-02 -1.895262613326097797e-03
3.350599999999999909e+03 -1.248709999999999924e-02 -1.839821843549314766e-03
3.350679999999999836e+03 -1.519069999999999969e-02 -1.756230239608073517e-03
3.350750000000000000e+03 -1.799270000000000036e-02 -1.661003660443298663e-03
3.350829999999999927e+03 -1.275850000000000074e-02 -1.520844417485262869e-03
3.350900000000000091e+03 -8.555379999999999582e-03 -1.364996316285881431e-03
3.350980000000000018e+03 -8.693080000000000598e-03 -1.141256435094555217e-03
3.351050000000000182e+03 -8.246919999999999598e-03 -8.986451635434001758e-04
3.351130000000000109e+03 -8.128579999999999833e-03 -5.592627496164503335e-04
3.351199999999999818e+03 -8.591480000000000297e-03 -2.008108534898302936e-04
3.351280000000000200e+03 -7.378359999999999606e-03 2.871186183460898780e-04
3.351349999999999909e+03 -1.018040000000000004e-03 7.882795605533184091e-04
3.351429999999999836e+03 8.080139999999999545e-03 1.450855706403603174e-03
3.351500000000000000e+03 1.248080000000000023e-02 2.111174874864735294e-03
3.351579999999999927e+03 1.506140000000000083e-02 2.956772373487495578e-03
3.351650000000000091e+03 1.714660000000000142e-02 3.771709001686229541e-03
3.351730000000000018e+03 1.703790000000000165e-02 4.778341891407527839e-03
3.351800000000000182e+03 1.730009999999999881e-02 5.711508486125893569e-03
3.351880000000000109e+03 1.559579999999999994e-02 6.815658210981338783e-03
3.351949999999999818e+03 1.464949999999999933e-02 7.791088089506308448e-03
3.352030000000000200e+03 1.347310000000000001e-02 8.882414688581930992e-03
3.352099999999999909e+03 1.243900000000000040e-02 9.784025741398557144e-03
3.352179999999999836e+03 1.566369999999999915e-02 1.071045513480295766e-02
3.352250000000000000e+03 1.504879999999999933e-02 1.139211111156862750e-02
3.352329999999999927e+03 1.477520000000000049e-02 1.197808275562048386e-02
3.352400000000000091e+03 1.862240000000000076e-02 1.228532182864558106e-02
3.352480000000000018e+03 1.811669999999999947e-02 1.236245396053420667e-02
3.352550000000000182e+03 1.531390000000000008e-02 1.216328947096431690e-02
3.352630000000000109e+03 1.292040000000000029e-02 1.160819150134161440e-02
3.352699999999999818e+03 1.145080000000000056e-02 1.082647758721557232e-02
3.352780000000000200e+03 7.847599999999999715e-03 9.596494047928803839e-03
3.352849999999999909e+03 1.897459999999999902e-03 8.238756373173410433e-03
3.352929999999999836e+03 1.555340000000000108e-03 6.394874235497012560e-03
3.353000000000000000e+03 1.480860000000000076e-03 4.561651219445862424e-03
3.353079999999999927e+03 -2.512330000000000119e-03 2.269852454133887334e-03
3.353150000000000091e+03 -4.037759999999999613e-03 1.460127480428364925e-04
3.353230000000000018e+03 -4.820960000000000002e-03 -2.346111474129236856e-03
3.353300000000000182e+03 -6.905790000000000192e-03 -4.521704584035621602e-03
3.353380000000000109e+03 -9.017719999999999902e-03 -6.928890139813471613e-03
3.353449999999999818e+03 -1.025560000000000013e-02 -8.907582252673578935e-03
3.353530000000000200e+03 -9.015340000000000159e-03 -1.096062186919325582e-02
3.353599999999999909e+03 -9.764550000000000313e-03 -1.253073143781149174e-02
3.353679999999999836e+03 -1.589950000000000044e-02 -1.402600874135764494e-02
3.353750000000000000e+03 -2.164009999999999892e-02 -1.504999395263584110e-02
3.353829999999999927e+03 -2.197520000000000029e-02 -1.588222437222955655e-02
3.353900000000000091e+03 -2.116540000000000088e-02 -1.631525823817191190e-02
3.353980000000000018e+03 -2.379739999999999980e-02 -1.648629828638076278e-02
3.354050000000000182e+03 -2.726129999999999873e-02 -1.637317479566358785e-02
3.354130000000000109e+03 -2.769370000000000165e-02 -1.597714518790933555e-02
3.354199999999999818e+03 -2.364499999999999935e-02 -1.543083887606240892e-02
3.354280000000000200e+03 -1.864839999999999900e-02 -1.462237037026969944e-02
3.354349999999999909e+03 -1.505410000000000081e-02 -1.379218435484010422e-02
3.354429999999999836e+03 -1.276500000000000030e-02 -1.274817848421233579e-02
3.354500000000000000e+03 -1.292770000000000030e-02 -1.178690991013171818e-02
3.354579999999999927e+03 -1.383129999999999950e-02 -1.067204798625383429e-02
3.354650000000000091e+03 -1.462420000000000039e-02 -9.709993063782725725e-03
3.354730000000000018e+03 -1.418849999999999972e-02 -8.653058056798747927e-03
3.354800000000000182e+03 -1.187249999999999937e-02 -7.783109711675185657e-03
3.354880000000000109e+03 -8.121980000000000866e-03 -6.866675715030514868e-03
3.354949999999999818e+03 -4.427399999999999738e-03 -6.140831137519649555e-03
3.355030000000000200e+03 -4.485509999999999844e-03 -5.402788392323309638e-03
3.355099999999999909e+03 -7.101739999999999615e-03 -4.837421409540097750e-03
3.355179999999999836e+03 -1.155420000000000058e-02 -4.280309595397853786e-03
3.355250000000000000e+03 -1.266049999999999988e-02 -3.866219561991783571e-03
3.355329999999999927e+03 -4.889459999999999987e-03 -3.469735384228873377e-03
3.355400000000000091e+03 9.343689999999999982e-04 -3.183168993626980282e-03
3.355480000000000018e+03 -4.030830000000000003e-03 -2.916070277556765539e-03
3.355550000000000182e+03 -8.862550000000000289e-03 -2.728057337110757589e-03
3.355630000000000109e+03 -3.879089999999999969e-03 -2.557241264557074192e-03
3.355699999999999818e+03 2.794720000000000103e-03 -2.440006663957610886e-03
3.355780000000000200e+03 5.208370000000000360e-03 -2.336079450723483296e-03
3.355849999999999909e+03 4.849619999999999799e-03 -2.266473018852334809e-03
3.355929999999999836e+03 4.065489999999999729e-03 -2.206215827440672923e-03
3.356000000000000000e+03 5.100770000000000130e-03 -2.166801460304997994e-03
3.356079999999999927e+03 5.630600000000000362e-03 -2.133453815418933329e-03
3.356150000000000091e+03 4.903610000000000087e-03 -2.112128030116698207e-03
3.356230000000000018e+03 5.784319999999999913e-03 -2.094461320795349638e-03
3.356300000000000182e+03 8.412509999999999780e-03 -2.083375883685706365e-03
3.356380000000000109e+03 9.899979999999999197e-03 -2.074311722012251325e-03
3.356449999999999818e+03 1.072790000000000028e-02 -2.068628253373764117e-03
3.356530000000000200e+03 1.214729999999999976e-02 -2.063848099180972534e-03
3.356599999999999909e+03 1.129170000000000000e-02 -2.060582714112212110e-03
3.356679999999999836e+03 9.736850000000000019e-03 -2.057283768471444927e-03
3.356750000000000000e+03 1.006879999999999928e-02 -2.054265776907967644e-03
3.356829999999999927e+03 1.119299999999999982e-02 -2.049973554286932398e-03
3.356900000000000091e+03 1.114030000000000055e-02 -2.044741820001369417e-03
3.356980000000000018e+03 7.712779999999999810e-03 -2.035863889193256955e-03
3.357050000000000182e+03 4.759470000000000020e-03 -2.024116747298947399e-03
3.357130000000000109e+03 5.020779999999999861e-03 -2.003657219266273808e-03
3.357199999999999818e+03 5.116279999999999960e-03 -1.976603585282933184e-03
3.357280000000000200e+03 6.950089999999999914e-03 -1.930098757911755374e-03
3.357349999999999909e+03 8.635989999999999639e-03 -1.869694459020222960e-03
3.357429999999999836e+03 6.270969999999999843e-03 -1.767964883745702393e-03
3.357500000000000000e+03 6.915659999999999689e-03 -1.638586213166424652e-03
3.357579999999999927e+03 9.404420000000000140e-03 -1.425420312683842086e-03
3.357650000000000091e+03 9.687070000000000750e-03 -1.160175143580709656e-03
3.357730000000000018e+03 1.054429999999999951e-02 -7.328333042262505370e-04
3.357800000000000182e+03 1.282499999999999959e-02 -2.127747712926965871e-04
3.357880000000000109e+03 1.659199999999999911e-02 6.062609751614567513e-04
3.357949999999999818e+03 1.679649999999999893e-02 1.580721530721391089e-03
3.358030000000000200e+03 1.537939999999999967e-02 3.080302273011119394e-03
3.358099999999999909e+03 1.831560000000000132e-02 4.823810252943551077e-03
3.358179999999999836e+03 2.180409999999999987e-02 7.444278398310055431e-03
3.358250000000000000e+03 2.605820000000000011e-02 1.041997388792240478e-02
3.358329999999999927e+03 3.177449999999999719e-02 1.478547271093830391e-02
3.358400000000000091e+03 3.618980000000000113e-02 1.962384672166268482e-02
3.358480000000000018e+03 4.170630000000000170e-02 2.654698070846671365e-02
3.358550000000000182e+03 4.873179999999999873e-02 3.402932448786379765e-02
3.358630000000000109e+03 5.678380000000000233e-02 4.446119539674463217e-02
3.358699999999999818e+03 6.558329999999999715e-02 5.544252016188510462e-02
3.358780000000000200e+03 7.558600000000000041e-02 7.033994981910077215e-02
3.358849999999999909e+03 9.019860000000000377e-02 8.558969577389874406e-02
3.358929999999999836e+03 1.073790000000000022e-01 1.056819525422598716e-01
3.359000000000000000e+03 1.250870000000000037e-01 1.256366889806744269e-01
3.359079999999999927e+03 1.433570000000000122e-01 1.511003991922275080e-01
3.359150000000000091e+03 1.639929999999999999e-01 1.755527713590771532e-01
3.359230000000000018e+03 1.924119999999999997e-01 2.056447550137837643e-01
3.359300000000000182e+03 2.235689999999999900e-01 2.334326789495143606e-01
3.359380000000000109e+03 2.489760000000000029e-01 2.661765748868122339e-01
3.359449999999999818e+03 2.750250000000000195e-01 2.949736803006571262e-01
3.359530000000000200e+03 3.068699999999999761e-01 3.270291422507073942e-01
3.359599999999999909e+03 3.378709999999999769e-01 3.533531993411468397e-01
3.359679999999999836e+03 3.630999999999999783e-01 3.801940493357362505e-01
3.359750000000000000e+03 3.868909999999999849e-01 3.997265660435663781e-01
3.359829999999999927e+03 4.084889999999999910e-01 4.162004376070270739e-01
3.359900000000000091e+03 4.194220000000000170e-01 4.244400587616967702e-01
3.359980000000000018e+03 4.233319999999999861e-01 4.256779000508328359e-01
3.360050000000000182e+03 4.198089999999999877e-01 4.188439623827693303e-01
3.360130000000000109e+03 4.032399999999999873e-01 4.013585679434293341e-01
3.360199999999999818e+03 3.778349999999999764e-01 3.773513502103817419e-01
3.360280000000000200e+03 3.406089999999999951e-01 3.400555780350688062e-01
3.360349999999999909e+03 2.901949999999999807e-01 2.992107967848804950e-01
3.360429999999999836e+03 2.358190000000000008e-01 2.440485747330224664e-01
3.360500000000000000e+03 1.788859999999999895e-01 1.894340218346005911e-01
3.360579999999999927e+03 1.136530000000000040e-01 1.213823695496708405e-01
3.360650000000000091e+03 4.255520000000000136e-02 5.848694428594990169e-02
3.360730000000000018e+03 -2.771790000000000018e-02 -1.515118421936363820e-02
3.360800000000000182e+03 -9.796939999999999815e-02 -7.931596587558203959e-02
3.360880000000000109e+03 -1.670359999999999900e-01 -1.501985428957374191e-01
3.360949999999999818e+03 -2.281590000000000007e-01 -2.083837696159820951e-01
3.361030000000000200e+03 -2.819010000000000127e-01 -2.686835053311427690e-01
3.361099999999999909e+03 -3.298200000000000021e-01 -3.147494125460626457e-01
3.361179999999999836e+03 -3.680280000000000218e-01 -3.585747605672456872e-01
3.361250000000000000e+03 -3.972289999999999988e-01 -3.885530907935388356e-01
3.361329999999999927e+03 -4.162210000000000076e-01 -4.128801570345776994e-01
3.361400000000000091e+03 -4.239240000000000230e-01 -4.254992077005954609e-01
3.361480000000000018e+03 -4.262960000000000083e-01 -4.304150526313322844e-01
3.361550000000000182e+03 -4.213259999999999783e-01 -4.270029048036671493e-01
3.361630000000000109e+03 -4.045920000000000072e-01 -4.152702094119814502e-01
3.361699999999999818e+03 -3.809649999999999981e-01 -3.991326997079287509e-01
3.361780000000000200e+03 -3.553250000000000020e-01 -3.752712049058540278e-01
3.361849999999999909e+03 -3.300690000000000013e-01 -3.507714658026803156e-01
3.361929999999999836e+03 -3.043569999999999887e-01 -3.199528603877425659e-01
3.362000000000000000e+03 -2.772859999999999769e-01 -2.915616242037437078e-01
3.362079999999999927e+03 -2.525700000000000167e-01 -2.586103845584868943e-01
3.362150000000000091e+03 -2.296680000000000110e-01 -2.301511449589516978e-01
3.362230000000000018e+03 -2.056169999999999942e-01 -1.988545051407897279e-01
3.362300000000000182e+03 -1.812300000000000022e-01 -1.730667173405925630e-01
3.362380000000000109e+03 -1.598580000000000001e-01 -1.458690364625317148e-01
3.362449999999999818e+03 -1.427819999999999923e-01 -1.243005008213903945e-01
3.362530000000000200e+03 -1.286470000000000113e-01 -1.023404248134149597e-01
3.362599999999999909e+03 -1.147750000000000020e-01 -8.549476092371295632e-02
3.362679999999999836e+03 -1.007440000000000002e-01 -6.887111653519471799e-02
3.362750000000000000e+03 -9.215579999999999605e-02 -5.649655583972789524e-02
3.362829999999999927e+03 -8.539560000000000206e-02 -4.462997773104144389e-02
3.362900000000000091e+03 -7.508510000000000184e-02 -3.603964787978899270e-02
3.362980000000000018e+03 -6.834400000000000197e-02 -2.802013686346711482e-02
3.363050000000000182e+03 -6.533680000000000043e-02 -2.236593783950347261e-02
3.363130000000000109e+03 -6.187089999999999951e-02 -1.722053986173622056e-02
3.363199999999999818e+03 -5.765139999999999848e-02 -1.368330812934741292e-02
3.363280000000000200e+03 -5.312900000000000261e-02 -1.054246901326399630e-02
3.363349999999999909e+03 -4.851199999999999957e-02 -8.435414212128223427e-03
3.363429999999999836e+03 -4.453689999999999732e-02 -6.608498206730369778e-03
3.363500000000000000e+03 -4.149599999999999816e-02 -5.411713493199089495e-03
3.363579999999999927e+03 -3.637630000000000030e-02 -4.397857822391073451e-03
3.363650000000000091e+03 -3.144070000000000198e-02 -3.748978701767209480e-03
3.363730000000000018e+03 -2.973680000000000073e-02 -3.211638929757378892e-03
3.363800000000000182e+03 -3.040879999999999972e-02 -2.875506523669012996e-03
3.363880000000000109e+03 -3.126330000000000081e-02 -2.603298140470192319e-03
3.363949999999999818e+03 -3.230910000000000032e-02 -2.436798460441299673e-03
3.364030000000000200e+03 -3.320560000000000178e-02 -2.304874092240857906e-03
3.364099999999999909e+03 -3.102699999999999902e-02 -2.225917873729428217e-03
3.364179999999999836e+03 -3.096849999999999950e-02 -2.164632281591240010e-03
3.364250000000000000e+03 -3.417619999999999686e-02 -2.128652092754517149e-03
3.364329999999999927e+03 -3.547379999999999978e-02 -2.101140180333740167e-03
3.364400000000000091e+03 -3.497870000000000146e-02 -2.085095481925245287e-03
3.364480000000000018e+03 -3.532609999999999917e-02 -2.072665181564120520e-03
3.364550000000000182e+03 -3.727219999999999839e-02 -2.065020064766544001e-03
3.364630000000000109e+03 -3.570389999999999675e-02 -2.058296625262150473e-03
3.364699999999999818e+03 -3.257999999999999785e-02 -2.053104224784533475e-03
3.364780000000000200e+03 -3.082920000000000105e-02 -2.046891217704592102e-03
3.364849999999999909e+03 -3.291460000000000219e-02 -2.040373298249006928e-03
3.364929999999999836e+03 -3.867339999999999667e-02 -2.030630496577721933e-03
3.365000000000000000e+03 -3.842140000000000138e-02 -2.019075582440665526e-03
3.365079999999999927e+03 -3.219709999999999933e-02 -2.000916510379274153e-03
3.365150000000000091e+03 -2.848279999999999909e-02 -1.979137594387290859e-03
3.365230000000000018e+03 -2.910760000000000083e-02 -1.945187823499726224e-03
3.365300000000000182e+03 -2.950380000000000016e-02 -1.905129694341764404e-03
3.365380000000000109e+03 -2.845510000000000053e-02 -1.843954458002460255e-03
3.365449999999999818e+03 -2.629990000000000105e-02 -1.773345028352979859e-03
3.365530000000000200e+03 -2.366199999999999901e-02 -1.667995428340836132e-03
3.365599999999999909e+03 -2.306559999999999860e-02 -1.549235396912923470e-03
3.365679999999999836e+03 -2.376500000000000140e-02 -1.376311190813464492e-03
3.365750000000000000e+03 -2.139920000000000017e-02 -1.186103015117307563e-03
3.365829999999999927e+03 -2.002869999999999998e-02 -9.160677937066774319e-04
3.365900000000000091e+03 -2.289280000000000134e-02 -6.265483220871219394e-04
3.365980000000000018e+03 -2.216769999999999852e-02 -2.262610463245838793e-04
3.366050000000000182e+03 -1.547139999999999974e-02 1.914996361673197006e-04
3.366130000000000109e+03 -1.086419999999999920e-02 7.531270082484671502e-04
3.366199999999999818e+03 -1.176209999999999929e-02 1.322633533533912071e-03
3.366280000000000200e+03 -9.742429999999999840e-03 2.065470340479184149e-03
3.366349999999999909e+03 -5.821810000000000179e-03 2.795401103983739029e-03
3.366429999999999836e+03 -4.348720000000000363e-03 3.716143031387103297e-03
3.366500000000000000e+03 -3.332309999999999786e-03 4.589313991435044551e-03
3.366579999999999927e+03 -4.509499999999999620e-03 5.649004306089019586e-03
3.366650000000000091e+03 -5.164740000000000129e-03 6.612392632782633506e-03
3.366730000000000018e+03 -1.983790000000000033e-03 7.727232046679001487e-03
3.366800000000000182e+03 1.663860000000000079e-03 8.686883210670560268e-03
3.366880000000000109e+03 1.808649999999999971e-03 9.726968055154019271e-03
3.366949999999999818e+03 -1.023320000000000089e-03 1.055176082946639345e-02
3.367030000000000200e+03 -4.412890000000000042e-03 1.135173644022859432e-02
3.367099999999999909e+03 -2.983490000000000100e-03 1.188859332119326408e-02
3.367179999999999836e+03 1.421079999999999913e-03 1.227166539084024142e-02
3.367250000000000000e+03 2.214109999999999982e-04 1.237179668871721608e-02
3.367329999999999927e+03 -4.360469999999999971e-03 1.218442725536760841e-02
3.367400000000000091e+03 -5.389569999999999778e-03 1.173625156330881589e-02
3.367480000000000018e+03 -4.157519999999999619e-03 1.088636757001664596e-02
3.367550000000000182e+03 -4.627580000000000061e-03 9.847213281156820541e-03
3.367630000000000109e+03 -4.388419999999999647e-03 8.335646259767452715e-03
3.367699999999999818e+03 -6.029379999999999983e-03 6.752801848211399671e-03
3.367780000000000200e+03 -9.448450000000000598e-03 4.687612165228609296e-03
3.367849999999999909e+03 -9.686490000000000725e-03 2.700873515647632134e-03
3.367929999999999836e+03 -1.010529999999999935e-02 2.878898979353718308e-04
3.368000000000000000e+03 -1.125460000000000002e-02 -1.889565558307666326e-03
3.368079999999999927e+03 -1.232139999999999971e-02 -4.380043625499469191e-03
3.368150000000000091e+03 -1.484519999999999937e-02 -6.499208203710832299e-03
3.368230000000000018e+03 -1.714299999999999852e-02 -8.782228930535262990e-03
3.368300000000000182e+03 -1.964060000000000111e-02 -1.060512129365894125e-02
3.368380000000000109e+03 -1.877310000000000090e-02 -1.243472847754556465e-02
3.368449999999999818e+03 -1.414009999999999920e-02 -1.377836717409518935e-02
3.368530000000000200e+03 -1.765479999999999827e-02 -1.499111549130022723e-02
3.368599999999999909e+03 -2.513380000000000128e-02 -1.575737809362190781e-02
3.368679999999999836e+03 -2.558639999999999873e-02 -1.629509650408889759e-02
3.368750000000000000e+03 -2.207490000000000147e-02 -1.647983188457228382e-02
3.368829999999999927e+03 -1.970830000000000151e-02 -1.638764088505113847e-02
3.368900000000000091e+03 -2.171230000000000035e-02 -1.606883414049494613e-02
3.368980000000000018e+03 -2.539929999999999966e-02 -1.547177752762495320e-02
3.369050000000000182e+03 -2.570170000000000093e-02 -1.478242847446325191e-02
3.369130000000000109e+03 -2.208279999999999965e-02 -1.384953901135881592e-02
3.369199999999999818e+03 -1.992899999999999880e-02 -1.294425440363820845e-02
3.369280000000000200e+03 -2.001350000000000004e-02 -1.185082394714695279e-02
3.369349999999999909e+03 -1.872220000000000134e-02 -1.087518564159144392e-02
3.369429999999999836e+03 -1.667050000000000129e-02 -9.772375786489971919e-03
3.369500000000000000e+03 -1.270959999999999972e-02 -8.841500093678945210e-03
3.369579999999999927e+03 -9.296830000000000718e-03 -7.838445532693926604e-03
3.369650000000000091e+03 -1.205920000000000082e-02 -7.027224358711130561e-03
3.369730000000000018e+03 -1.444110000000000012e-02 -6.186261994363957684e-03
3.369800000000000182e+03 -1.186000000000000075e-02 -5.530135477606248212e-03
3.369880000000000109e+03 -1.266579999999999963e-02 -4.872306062797654956e-03
3.369949999999999818e+03 -1.412659999999999957e-02 -4.375127217206002672e-03
3.370030000000000200e+03 -1.175000000000000003e-02 -3.891437704635249649e-03
3.370099999999999909e+03 -9.353709999999999455e-03 -3.536359967936894902e-03
3.370179999999999836e+03 -6.430939999999999573e-03 -3.200408027524067299e-03
3.370250000000000000e+03 -4.156039999999999734e-03 -2.960414581556096436e-03
3.370329999999999927e+03 -2.268519999999999998e-03 -2.739236448473213355e-03
3.370400000000000091e+03 1.609500000000000037e-03 -2.585274463910992339e-03
3.370480000000000018e+03 9.540759999999999909e-04 -2.446900444055062369e-03
3.370550000000000182e+03 -3.049420000000000169e-03 -2.352947232055929792e-03
3.370630000000000109e+03 -3.627580000000000041e-03 -2.270525853533141535e-03
3.370699999999999818e+03 -3.435230000000000054e-03 -2.215897176535387963e-03
3.370780000000000200e+03 -5.397909999999999688e-03 -2.169086373607985452e-03
3.370849999999999909e+03 -8.102150000000000671e-03 -2.138780224185110428e-03
3.370929999999999836e+03 -5.668379999999999773e-03 -2.113397583418545611e-03
3.371000000000000000e+03 -2.004770000000000120e-04 -2.097334164843295875e-03
3.371079999999999927e+03 1.738909999999999978e-03 -2.084170571608071412e-03
3.371150000000000091e+03 2.529780000000000136e-03 -2.076012516979529841e-03
3.371230000000000018e+03 1.783960000000000016e-03 -2.069445614991048590e-03
3.371300000000000182e+03 1.524580000000000064e-05 -2.065424017420393853e-03
3.371380000000000109e+03 4.077540000000000157e-03 -2.062175577312298520e-03
3.371449999999999818e+03 9.106790000000000024e-03 -2.060111478491056559e-03
3.371530000000000200e+03 7.078840000000000306e-03 -2.058257075185019203e-03
3.371599999999999909e+03 1.328060000000000048e-03 -2.056794321682608312e-03
3.371679999999999836e+03 -6.089920000000000402e-04 -2.054969455749475725e-03
3.371750000000000000e+03 3.030950000000000137e-03 -2.052914939627944330e-03
3.371829999999999927e+03 5.229400000000000368e-03 -2.049541644115453459e-03
3.371900000000000091e+03 3.584679999999999811e-03 -2.045108686392310519e-03
3.371980000000000018e+03 4.988570000000000330e-03 -2.037345237429618369e-03
3.372050000000000182e+03 7.372420000000000188e-03 -2.026973848668712185e-03
3.372130000000000109e+03 3.627700000000000195e-03 -2.008922837469383996e-03
3.372199999999999818e+03 2.132010000000000155e-03 -1.985174138746863964e-03
3.372280000000000200e+03 7.408239999999999964e-03 -1.944646483957155128e-03
3.372349999999999909e+03 1.003219999999999980e-02 -1.892433631655152017e-03
3.372429999999999836e+03 7.048590000000000411e-03 -1.805282118659122309e-03
3.372500000000000000e+03 2.098699999999999784e-03 -1.695461690503269683e-03
3.372579999999999927e+03 8.816899999999999694e-04 -1.516281113867949323e-03
3.372650000000000091e+03 3.330560000000000204e-03 -1.295541235086642307e-03
3.372730000000000018e+03 2.889800000000000094e-03 -9.436316228994445950e-04
3.372800000000000182e+03 3.149509999999999896e-03 -5.199606771232774538e-04
3.372880000000000109e+03 6.463759999999999818e-03 1.397371402482253805e-04
3.372949999999999818e+03 9.582860000000000336e-03 9.155387011674761058e-04
3.373030000000000200e+03 1.309229999999999942e-02 2.094828834332763002e-03
3.373099999999999909e+03 1.396990000000000037e-02 3.448741996514834585e-03
3.373179999999999836e+03 1.248450000000000081e-02 5.456679151265724642e-03
3.373250000000000000e+03 1.512609999999999996e-02 7.705632172313691547e-03
3.373329999999999927e+03 2.097150000000000056e-02 1.095720013865095384e-02
3.373400000000000091e+03 2.575380000000000030e-02 1.450691961894152830e-02
3.373480000000000018e+03 2.967399999999999899e-02 1.950521908762863771e-02
3.373550000000000182e+03 3.242130000000000012e-02 2.481753328706062453e-02
3.373630000000000109e+03 3.658929999999999821e-02 3.209269608133499124e-02
3.373699999999999818e+03 4.485080000000000316e-02 3.960845716986234610e-02
3.373780000000000200e+03 5.739230000000000026e-02 4.960046018558566389e-02
3.373849999999999909e+03 6.982460000000000055e-02 5.961145893217776465e-02
3.373929999999999836e+03 7.725990000000000635e-02 7.249708644857200124e-02
3.374000000000000000e+03 8.447609999999999841e-02 8.497612574292755239e-02
3.374079999999999927e+03 9.279339999999999811e-02 1.004629152071573744e-01
3.374150000000000091e+03 1.023919999999999969e-01 1.148839912489456327e-01
3.374230000000000018e+03 1.199670000000000042e-01 1.320215856009694932e-01
3.374300000000000182e+03 1.422970000000000068e-01 1.472254155232518846e-01
3.374380000000000109e+03 1.591370000000000007e-01 1.643071595427700593e-01
3.374449999999999818e+03 1.700730000000000020e-01 1.784802424959506251e-01
3.374530000000000200e+03 1.825009999999999966e-01 1.931115178585816328e-01
3.374599999999999909e+03 1.991769999999999929e-01 2.039378394482389278e-01
3.374679999999999836e+03 2.153629999999999989e-01 2.133212194499422010e-01
3.374750000000000000e+03 2.256279999999999952e-01 2.183281228210593450e-01
3.374829999999999927e+03 2.295669999999999933e-01 2.197572654703616735e-01
3.374900000000000091e+03 2.296709999999999863e-01 2.168156514837557836e-01
3.374980000000000018e+03 2.272500000000000075e-01 2.082931502739054086e-01
3.375050000000000182e+03 2.192769999999999997e-01 1.961652225625481472e-01
3.375130000000000109e+03 1.982679999999999998e-01 1.769914405593742135e-01
3.375199999999999818e+03 1.705190000000000039e-01 1.557738078691306982e-01
3.375280000000000200e+03 1.450289999999999913e-01 1.269256970722272559e-01
3.375349999999999909e+03 1.149529999999999996e-01 9.823682819882695316e-02
3.375429999999999836e+03 7.754830000000000056e-02 6.238949794263750487e-02
3.375500000000000000e+03 3.736149999999999888e-02 2.920814162442226386e-02
3.375579999999999927e+03 -9.758780000000000102e-04 -9.654119629684780948e-03
3.375650000000000091e+03 -3.654170000000000335e-02 -4.349241837076438938e-02
3.375730000000000018e+03 -7.209369999999999667e-02 -8.080346548733982615e-02
3.375800000000000182e+03 -1.068439999999999945e-01 -1.113356671606118703e-01
3.375880000000000109e+03 -1.387720000000000065e-01 -1.428299976940023142e-01
3.375949999999999818e+03 -1.636259999999999937e-01 -1.667290603364115220e-01
3.376030000000000200e+03 -1.819689999999999919e-01 -1.892437977616781009e-01
3.376099999999999909e+03 -1.962230000000000085e-01 -2.044130947315216107e-01
3.376179999999999836e+03 -2.038889999999999869e-01 -2.164011296779982385e-01
3.376250000000000000e+03 -2.091449999999999976e-01 -2.222535771436065788e-01
3.376329999999999927e+03 -2.114679999999999893e-01 -2.238955769719148114e-01
3.376400000000000091e+03 -2.067209999999999881e-01 -2.212737605478180269e-01
3.376480000000000018e+03 -1.998860000000000081e-01 -2.142029326048606463e-01
3.376550000000000182e+03 -1.915979999999999905e-01 -2.050042876439798489e-01
3.376630000000000109e+03 -1.793899999999999939e-01 -1.917662973806289750e-01
3.376699999999999818e+03 -1.616319999999999979e-01 -1.784116407609210586e-01
3.376780000000000200e+03 -1.439300000000000024e-01 -1.618369607241701424e-01
3.376849999999999909e+03 -1.327379999999999949e-01 -1.467401885335965772e-01
3.376929999999999836e+03 -1.212929999999999980e-01 -1.293967799270737684e-01
3.377000000000000000e+03 -1.077130000000000032e-01 -1.145610382908256036e-01
3.377079999999999927e+03 -9.704790000000000638e-02 -9.839683687461234229e-02
3.377150000000000091e+03 -8.674990000000000478e-02 -8.519938998436681066e-02
3.377230000000000018e+03 -7.468760000000000676e-02 -7.140668412830820933e-02
3.377300000000000182e+03 -6.497890000000000610e-02 -6.056893272315908017e-02
3.377380000000000109e+03 -5.490790000000000254e-02 -4.963630815857461576e-02
3.377449999999999818e+03 -4.620880000000000126e-02 -4.132890682548424205e-02
3.377530000000000200e+03 -4.187439999999999912e-02 -3.320921312865000863e-02
3.377599999999999909e+03 -3.789270000000000138e-02 -2.722415165796095160e-02
3.377679999999999836e+03 -3.372909999999999797e-02 -2.154174103381427743e-02
3.377750000000000000e+03 -3.029350000000000098e-02 -1.747020351939605060e-02
3.377829999999999927e+03 -2.672300000000000023e-02 -1.370852764956335436e-02
3.377900000000000091e+03 -2.121249999999999872e-02 -1.108460056902475961e-02
3.377980000000000018e+03 -1.866080000000000169e-02 -8.722517952602657290e-03
3.378050000000000182e+03 -2.051170000000000077e-02 -7.116726171086707603e-03
3.378130000000000109e+03 -1.937480000000000105e-02 -5.706863589879921338e-03
3.378199999999999818e+03 -1.412069999999999992e-02 -4.771974939713818920e-03
3.378280000000000200e+03 -1.142349999999999963e-02 -3.970812552329070280e-03
3.378349999999999909e+03 -1.103679999999999939e-02 -3.452277954036342238e-03
3.378429999999999836e+03 -9.249359999999999873e-03 -3.018295077086933023e-03
3.378500000000000000e+03 -8.023469999999999561e-03 -2.743991812376405607e-03
3.378579999999999927e+03 -5.957819999999999956e-03 -2.519670107574755857e-03
3.378650000000000091e+03 -5.979469999999999751e-03 -2.381149357252647543e-03
3.378730000000000018e+03 -9.710339999999999597e-03 -2.270417032139180908e-03
3.378800000000000182e+03 -1.064219999999999923e-02 -2.203589678389750780e-03
3.378880000000000109e+03 -8.985270000000000062e-03 -2.151352690746467441e-03
3.378949999999999818e+03 -6.893980000000000073e-03 -2.120533587736203856e-03
3.379030000000000200e+03 -4.774399999999999825e-03 -2.096970584844844946e-03
3.379099999999999909e+03 -4.611539999999999910e-03 -2.083376805743158890e-03
3.379179999999999836e+03 -6.349259999999999800e-03 -2.073208648293495271e-03
3.379250000000000000e+03 -3.558509999999999972e-03 -2.067471326783310460e-03
3.379329999999999927e+03 -7.748180000000000345e-04 -2.063271872166748313e-03
3.379400000000000091e+03 -5.175600000000000252e-04 -2.060953976718804710e-03
3.379480000000000018e+03 2.901480000000000118e-03 -2.059293481204136668e-03
3.379550000000000182e+03 2.080209999999999872e-03 -2.058396798650297468e-03
3.379630000000000109e+03 -6.475400000000000513e-04 -2.057768000015663436e-03
3.379699999999999818e+03 -1.337330000000000072e-03 -2.057435746257349138e-03
3.379780000000000200e+03 -5.052380000000000412e-03 -2.057207642423753650e-03
3.379849999999999909e+03 -6.348109999999999691e-03 -2.057089692387419760e-03
3.379929999999999836e+03 -3.620659999999999937e-03 -2.057010404904353711e-03
3.380000000000000000e+03 -3.462409999999999967e-03 -2.056970279354254985e-03
3.380079999999999927e+03 -2.449660000000000205e-03 -2.056943866230153024e-03
3.380150000000000091e+03 1.860639999999999994e-03 -2.056930782684725408e-03
3.380230000000000018e+03 5.414719999999999603e-03 -2.056922348173463241e-03
3.380300000000000182e+03 8.031649999999999553e-03 -2.056918258497996473e-03
3.380380000000000109e+03 7.398110000000000276e-03 -2.056915676247713081e-03
3.380449999999999818e+03 2.918179999999999819e-03 -2.056914450557875262e-03
3.380530000000000200e+03 -5.522310000000000326e-04 -2.056913692502749212e-03
3.380599999999999909e+03 -1.471450000000000015e-04 -2.056913340242931976e-03
3.380679999999999836e+03 0.000000000000000000e+00 -2.056913126827116575e-03
3.380750000000000000e+03 -3.384480000000000040e-03 -2.056913029733022959e-03
3.380829999999999927e+03 -5.071179999999999785e-03 -2.056912972105568067e-03
3.380900000000000091e+03 -1.585800000000000057e-03 -2.056912946435865159e-03
3.380980000000000018e+03 2.752730000000000107e-03 -2.056912931509362850e-03
3.381050000000000182e+03 3.547820000000000140e-03 -2.056912924999172027e-03
3.381130000000000109e+03 3.551420000000000011e-03 -2.056912921290172339e-03
3.381199999999999818e+03 4.191529999999999735e-03 -2.056912919706177251e-03
3.381280000000000200e+03 3.479830000000000163e-03 -2.056912918821944894e-03
3.381349999999999909e+03 1.798689999999999924e-03 -2.056912918452167768e-03
3.381429999999999836e+03 1.458340000000000027e-03 -2.056912918249901613e-03
3.381500000000000000e+03 2.470550000000000176e-03 -2.056912918167071169e-03
3.381579999999999927e+03 3.011100000000000061e-03 -2.056912918122673524e-03
3.381650000000000091e+03 8.359010000000000051e-04 -2.056912918104868756e-03
3.381730000000000018e+03 -1.393380000000000053e-03 -2.056912918095516428e-03
3.381800000000000182e+03 9.754530000000000405e-04 -2.056912918091843585e-03
3.381880000000000109e+03 3.276349999999999922e-03 -2.056912918089953170e-03
3.381949999999999818e+03 4.502120000000000080e-03 -2.056912918089225887e-03
3.382030000000000200e+03 4.436070000000000291e-03 -2.056912918088858993e-03
3.382099999999999909e+03 -9.393729999999999658e-04 -2.056912918088721082e-03
3.382179999999999836e+03 -5.703429999999999785e-03 -2.056912918088652561e-03
3.382250000000000000e+03 -6.138399999999999586e-03 -2.056912918088627407e-03
3.382329999999999927e+03 -4.889819999999999584e-03 -2.056912918088615264e-03
3.382400000000000091e+03 -2.175499999999999916e-03 -2.056912918088610927e-03
3.382480000000000018e+03 -7.650400000000000342e-04 -2.056912918088608759e-03
3.382550000000000182e+03 -2.207349999999999850e-03 -2.056912918088607892e-03
3.382630000000000109e+03 -3.049029999999999883e-03 -2.056912918088607458e-03
3.382699999999999818e+03 -1.311010000000000040e-03 -2.056912918088607458e-03
3.382780000000000200e+03 -2.283389999999999834e-05 -2.056912918088607458e-03
3.382849999999999909e+03 -9.149530000000000336e-04 -2.056912918088607458e-03
3.382929999999999836e+03 -2.309449999999999784e-03 -2.056912918088607458e-03
3.383000000000000000e+03 -2.647239999999999923e-03 -2.056912918088607458e-03
3.383079999999999927e+03 -3.079569999999999790e-03 -2.056912918088607458e-03
3.383150000000000091e+03 -1.533590000000000040e-03 -2.056912918088607458e-03
3.383230000000000018e+03 4.099710000000000333e-03 -2.056912918088607458e-03
3.383300000000000182e+03 5.431759999999999887e-03 -2.056912918088607458e-03
3.383380000000000109e+03 6.310470000000000315e-04 -2.056912918088607458e-03
3.383449999999999818e+03 -2.601140000000000049e-03 -2.056912918088607458e-03
3.383530000000000200e+03 -1.570020000000000096e-03 -2.056912918088607458e-03
3.383599999999999909e+03 -3.643340000000000120e-04 -2.056912918088607458e-03
3.383679999999999836e+03 -5.234390000000000006e-04 -2.056912918088607458e-03
