3.320000000000000000e+03 7.567169999999999799e-03 2.621330150480056208e-03
3.320079999999999927e+03 3.501719999999999833e-03 2.641344529559890193e-03
3.320150000000000091e+03 4.115040000000000364e-03 2.659069288653742417e-03
3.320230000000000018e+03 1.038290000000000046e-02 2.679573850808862796e-03
3.320300000000000182e+03 1.073649999999999952e-02 2.697736562206579959e-03
3.320380000000000109e+03 5.114660000000000040e-03 2.718752290259970200e-03
3.320449999999999818e+03 2.959530000000000147e-03 2.737371863482883014e-03
3.320530000000000200e+03 2.276820000000000146e-03 2.758921020956697431e-03
3.320599999999999909e+03 -3.177119999999999857e-03 2.778017529172979554e-03
3.320679999999999836e+03 -6.715519999999999996e-03 2.800123760991291531e-03
3.320750000000000000e+03 -4.008639999999999946e-03 2.819718533239300509e-03
3.320829999999999927e+03 -1.501299999999999900e-03 2.842406976084192217e-03
3.320900000000000091e+03 -5.331220000000000230e-04 2.862522698403310167e-03
3.320980000000000018e+03 -1.616459999999999902e-03 2.885820101811464519e-03
3.321050000000000182e+03 -2.345600000000000202e-03 2.906480928294308090e-03
3.321130000000000109e+03 -9.760969999999999890e-04 2.930415787727059379e-03
3.321199999999999818e+03 -2.661590000000000136e-03 2.951647462637430053e-03
3.321280000000000200e+03 -4.026649999999999674e-03 2.976250165916947445e-03
3.321349999999999909e+03 -2.296470000000000108e-03 2.998080158172557706e-03
3.321429999999999836e+03 0.000000000000000000e+00 3.023383146862988931e-03
3.321500000000000000e+03 2.326920000000000117e-03 3.045840798354132982e-03
3.321579999999999927e+03 2.017989999999999888e-03 3.071878745883768920e-03
3.321650000000000091e+03 -8.308249999999999880e-04 3.094995435302424873e-03
3.321730000000000018e+03 -6.808250000000000066e-03 3.121805443865125276e-03
3.321800000000000182e+03 -1.072279999999999935e-02 3.145614767951480754e-03
3.321880000000000109e+03 -8.916010000000000255e-03 3.173236586516043484e-03
3.321949999999999818e+03 -8.359609999999999957e-03 3.197774560895803343e-03
3.322030000000000200e+03 -8.571550000000000696e-03 3.226250826979514333e-03
3.322099999999999909e+03 -6.014509999999999822e-03 3.251556109079568359e-03
3.322179999999999836e+03 -1.859839999999999974e-03 3.280932617325147023e-03
3.322250000000000000e+03 -1.855199999999999991e-03 3.307046754213268346e-03
3.322329999999999927e+03 -7.951939999999999356e-03 3.337372755256714715e-03
3.322400000000000091e+03 -1.190790000000000078e-02 3.364340459673325831e-03
3.322480000000000018e+03 -6.610460000000000294e-03 3.395668993302691091e-03
3.322550000000000182e+03 0.000000000000000000e+00 3.423538451642308029e-03
3.322630000000000109e+03 5.064069999999999509e-04 3.455926718857310273e-03
3.322699999999999818e+03 -2.863010000000000034e-03 3.484749935426166741e-03
3.322780000000000200e+03 -6.348930000000000025e-03 3.518259714711590401e-03
3.322849999999999909e+03 -9.083030000000000617e-03 3.548092897259763102e-03
3.322929999999999836e+03 -1.304450000000000054e-02 3.582791011212208346e-03
3.323000000000000000e+03 -1.156639999999999925e-02 3.613695003518343704e-03
3.323079999999999927e+03 -3.180619999999999888e-03 3.649653842939654808e-03
3.323150000000000091e+03 1.811069999999999911e-03 3.681694611148824368e-03
3.323230000000000018e+03 -2.940789999999999984e-03 3.718992724852633602e-03
3.323300000000000182e+03 -5.739250000000000428e-03 3.752241905349767287e-03
3.323380000000000109e+03 1.681150000000000125e-04 3.790964665276046891e-03
3.323449999999999818e+03 3.541050000000000014e-03 3.825500183148844956e-03
3.323530000000000200e+03 3.365429999999999984e-03 3.865740535959558306e-03
3.323599999999999909e+03 1.724950000000000051e-03 3.901647304612687779e-03
3.323679999999999836e+03 -6.306880000000000168e-04 3.943506622809489146e-03
3.323750000000000000e+03 -2.111850000000000185e-03 3.980877337064619124e-03
3.323829999999999927e+03 -5.610739999999999478e-04 4.024466384883139229e-03
3.323900000000000091e+03 4.414819999999999856e-03 4.063402422005629039e-03
3.323980000000000018e+03 6.100689999999999759e-03 4.108842453949971933e-03
3.324050000000000182e+03 5.465560000000000383e-03 4.149454899538193402e-03
3.324130000000000109e+03 7.319799999999999571e-03 4.196878912538749666e-03
3.324199999999999818e+03 8.621669999999999681e-03 4.239289731185760628e-03
3.324280000000000200e+03 3.962369999999999781e-03 4.288843895096382947e-03
3.324349999999999909e+03 -9.945749999999999296e-04 4.333187269354328401e-03
3.324429999999999836e+03 4.446740000000000241e-03 4.385032565129917334e-03
3.324500000000000000e+03 8.718709999999999308e-03 4.431456430916218790e-03
3.324579999999999927e+03 6.143469999999999834e-03 4.485770532013987587e-03
3.324650000000000091e+03 5.759260000000000421e-03 4.534438345232981969e-03
3.324730000000000018e+03 2.390039999999999960e-03 4.591417787568943636e-03
3.324800000000000182e+03 -1.888630000000000083e-03 4.642510568460956125e-03
3.324880000000000109e+03 -5.522119999999999503e-04 4.702373273827356766e-03
3.324949999999999818e+03 4.810049999999999742e-03 4.756092001676613668e-03
3.325030000000000200e+03 4.791069999999999704e-03 4.819080267005351748e-03
3.325099999999999909e+03 0.000000000000000000e+00 4.875648765043275913e-03
3.325179999999999836e+03 -1.340210000000000099e-03 4.942032956111389562e-03
3.325250000000000000e+03 -3.883010000000000107e-03 5.001701587277120054e-03
3.325329999999999927e+03 -4.054269999999999576e-03 5.071785114253966192e-03
3.325400000000000091e+03 -9.498659999999999482e-04 5.134836088064419733e-03
3.325480000000000018e+03 -2.121109999999999836e-03 5.208963121667684222e-03
3.325550000000000182e+03 -6.024869999999999878e-03 5.275719431417462413e-03
3.325630000000000109e+03 -8.729550000000000851e-03 5.354288998944295788e-03
3.325699999999999818e+03 -6.643679999999999898e-03 5.425131938503390157e-03
3.325780000000000200e+03 -2.952269999999999894e-03 5.508627118394155038e-03
3.325849999999999909e+03 0.000000000000000000e+00 5.584033935163705553e-03
3.325929999999999836e+03 3.639410000000000041e-03 5.673085930273160174e-03
3.326000000000000000e+03 4.402119999999999818e-03 5.753713049849332704e-03
3.326079999999999927e+03 7.512109999999999795e-03 5.849242269937441480e-03
3.326150000000000091e+03 1.002229999999999961e-02 5.936106454224919851e-03
3.326230000000000018e+03 4.244839999999999725e-03 6.039624216822549879e-03
3.326300000000000182e+03 -1.894110000000000064e-03 6.134481668361568135e-03
3.326380000000000109e+03 -2.365959999999999851e-03 6.248705718453745513e-03
3.326449999999999818e+03 2.829939999999999973e-03 6.354804477209249902e-03
3.326530000000000200e+03 7.106000000000000337e-03 6.484844094399309575e-03
3.326599999999999909e+03 7.292850000000000027e-03 6.608327160342828202e-03
3.326679999999999836e+03 4.471329999999999923e-03 6.763818205220401003e-03
3.326750000000000000e+03 3.306170000000000202e-03 6.916161269748371740e-03
3.326829999999999927e+03 1.024470000000000068e-02 7.114832251442911384e-03
3.326900000000000091e+03 1.570859999999999965e-02 7.316747994312537001e-03
3.326980000000000018e+03 1.193269999999999921e-02 7.589872573159220717e-03
3.327050000000000182e+03 6.316869999999999603e-03 7.876984074692955015e-03
3.327130000000000109e+03 6.965210000000000325e-03 8.276854775767748806e-03
3.327199999999999818e+03 9.443379999999999483e-03 8.706963811922445798e-03
3.327280000000000200e+03 8.271870000000000611e-03 9.315701769119184156e-03
3.327349999999999909e+03 3.840479999999999849e-03 9.976487190608769248e-03
3.327429999999999836e+03 1.780929999999999905e-04 1.091404390530641665e-02
3.327500000000000000e+03 3.813469999999999794e-03 1.192848235382186310e-02
3.327579999999999927e+03 1.045130000000000017e-02 1.335569750509182918e-02
3.327650000000000091e+03 1.297839999999999931e-02 1.488067434240079694e-02
3.327730000000000018e+03 1.174809999999999917e-02 1.699129192168081365e-02
3.327800000000000182e+03 1.212569999999999967e-02 1.920350578296824151e-02
3.327880000000000109e+03 1.621420000000000153e-02 2.219825053974813084e-02
3.327949999999999818e+03 2.114749999999999963e-02 2.526181119882818862e-02
3.328030000000000200e+03 2.559780000000000041e-02 2.929950066917310497e-02
3.328099999999999909e+03 2.810759999999999995e-02 3.331288529640641372e-02
3.328179999999999836e+03 2.876010000000000025e-02 3.843935487803257917e-02
3.328250000000000000e+03 3.188959999999999712e-02 4.336628591660660753e-02
3.328329999999999927e+03 3.981690000000000229e-02 4.943161071979301768e-02
3.328400000000000091e+03 4.886560000000000209e-02 5.503002106568496976e-02
3.328480000000000018e+03 5.376210000000000017e-02 6.161583962824815353e-02
3.328550000000000182e+03 5.759859999999999980e-02 6.738826593417875099e-02
3.328630000000000109e+03 6.458999999999999464e-02 7.377519171062767167e-02
3.328699999999999818e+03 7.362219999999999875e-02 7.896776931283987222e-02
3.328780000000000200e+03 8.418950000000000045e-02 8.417199836576218230e-02
3.328849999999999909e+03 9.171669999999999823e-02 8.784293387353959981e-02
3.328929999999999836e+03 9.590709999999999513e-02 9.073715188564734913e-02
3.329000000000000000e+03 9.681240000000000678e-02 9.189767625121059158e-02
3.329079999999999927e+03 9.537779999999999869e-02 9.140607105316377046e-02
3.329150000000000091e+03 9.521759999999999946e-02 8.921288609939966030e-02
3.329230000000000018e+03 9.088000000000000245e-02 8.454475674813301256e-02
3.329300000000000182e+03 8.438959999999999517e-02 7.850706149255404220e-02
3.329380000000000109e+03 8.051560000000000661e-02 6.938757911127352296e-02
3.329449999999999818e+03 6.973079999999999556e-02 5.955952107858376865e-02
3.329530000000000200e+03 5.640370000000000106e-02 4.643572366237754684e-02
3.329599999999999909e+03 4.563799999999999801e-02 3.357822610847031874e-02
3.329679999999999836e+03 2.952250000000000013e-02 1.775993945346026476e-02
3.329750000000000000e+03 1.262019999999999982e-02 3.385164613117671618e-03
3.329829999999999927e+03 -7.236320000000000079e-03 -1.306335452775704391e-02
3.329900000000000091e+03 -2.708609999999999837e-02 -2.697752003785372846e-02
3.329980000000000018e+03 -4.314130000000000048e-02 -4.178908137745351858e-02
3.330050000000000182e+03 -6.168880000000000197e-02 -5.341348783900004560e-02
3.330130000000000109e+03 -7.311479999999999368e-02 -6.482568510604189149e-02
3.330199999999999818e+03 -7.460819999999999952e-02 -7.297912559921018727e-02
3.330280000000000200e+03 -7.437850000000000017e-02 -8.008217630016280231e-02
3.330349999999999909e+03 -7.685259999999999314e-02 -8.434126300970835877e-02
3.330429999999999836e+03 -8.031050000000000688e-02 -8.703948525955271243e-02
3.330500000000000000e+03 -8.017739999999999589e-02 -8.762006305255640171e-02
3.330579999999999927e+03 -7.897079999999999378e-02 -8.644991019908720986e-02
3.330650000000000091e+03 -7.631419999999999870e-02 -8.402805417947831201e-02
3.330730000000000018e+03 -6.870660000000000656e-02 -7.993933907070882583e-02
3.330800000000000182e+03 -5.948590000000000128e-02 -7.545012223971554743e-02
3.330880000000000109e+03 -5.401310000000000139e-02 -6.956972909115574644e-02
3.330949999999999818e+03 -5.267360000000000098e-02 -6.400209658977969174e-02
3.331030000000000200e+03 -5.194669999999999843e-02 -5.741243532917170156e-02
3.331099999999999909e+03 -4.608299999999999896e-02 -5.163612482080252863e-02
3.331179999999999836e+03 -3.823030000000000178e-02 -4.521069808151026437e-02
3.331250000000000000e+03 -2.956320000000000128e-02 -3.986707094232758153e-02
3.331329999999999927e+03 -2.253509999999999888e-02 -3.418830221692829158e-02
3.331400000000000091e+03 -2.553240000000000023e-02 -2.965512733492190259e-02
3.331480000000000018e+03 -2.600970000000000018e-02 -2.501222566555141857e-02
3.331550000000000182e+03 -1.889139999999999917e-02 -2.143000846902226933e-02
3.331630000000000109e+03 -1.368849999999999928e-02 -1.787370699482723063e-02
3.331699999999999818e+03 -1.273889999999999918e-02 -1.520835726288954394e-02
3.331780000000000200e+03 -1.581460000000000157e-02 -1.263154712268517790e-02
3.331849999999999909e+03 -1.796210000000000168e-02 -1.074694903298773103e-02
3.331929999999999836e+03 -1.571789999999999993e-02 -8.964171046908386842e-03
3.332000000000000000e+03 -1.392780000000000060e-02 -7.685142471448716713e-03
3.332079999999999927e+03 -1.566079999999999903e-02 -6.494221738909075094e-03
3.332150000000000091e+03 -1.320739999999999935e-02 -5.650247467040982012e-03
3.332230000000000018e+03 -5.945660000000000181e-03 -4.870395085820505669e-03
3.332300000000000182e+03 -4.287759999999999835e-03 -4.319142820682424569e-03
3.332380000000000109e+03 -5.886060000000000250e-03 -3.807911251971058363e-03
3.332449999999999818e+03 -4.649939999999999976e-03 -3.442784728268291974e-03
3.332530000000000200e+03 -4.735879999999999604e-03 -3.098179868690119354e-03
3.332599999999999909e+03 -6.407679999999999799e-03 -2.845936705537927859e-03
3.332679999999999836e+03 -4.622030000000000062e-03 -2.600455935728602890e-03
3.332750000000000000e+03 -4.578459999999999800e-04 -2.414289724361968429e-03
3.332829999999999927e+03 -3.365439999999999925e-03 -2.226151881983202616e-03
3.332900000000000091e+03 -9.748200000000000268e-03 -2.077938091981105118e-03
3.332980000000000018e+03 -9.007100000000000523e-03 -1.922687380383784764e-03
3.333050000000000182e+03 -8.139220000000000829e-03 -1.796332537352594155e-03
3.333130000000000109e+03 -8.579939999999999442e-03 -1.660207405489569138e-03
3.333199999999999818e+03 -6.548909999999999801e-03 -1.546735016025229141e-03
3.333280000000000200e+03 -2.933840000000000059e-03 -1.422026504414403538e-03
3.333349999999999909e+03 5.652289999999999918e-04 -1.316287886889856880e-03
3.333429999999999836e+03 6.844789999999999902e-05 -1.198338083440457415e-03
3.333500000000000000e+03 -1.507010000000000034e-03 -1.096935594732269779e-03
3.333579999999999927e+03 -3.401490000000000069e-03 -9.822600586954120198e-04
3.333650000000000091e+03 -7.815380000000000243e-03 -8.822367968454466157e-04
3.333730000000000018e+03 -1.073889999999999914e-02 -7.673017901945649102e-04
3.333800000000000182e+03 -1.185019999999999997e-02 -6.652384805603178469e-04
3.333880000000000109e+03 -1.015469999999999914e-02 -5.455492688616998213e-04
3.333949999999999818e+03 -4.644930000000000239e-03 -4.368273975185439986e-04
3.334030000000000200e+03 -1.703599999999999993e-03 -3.061185435069208646e-04
3.334099999999999909e+03 -1.565070000000000003e-03 -1.842218071257738059e-04
3.334179999999999836e+03 -1.885390000000000026e-03 -3.366258832094431996e-05
3.334250000000000000e+03 0.000000000000000000e+00 1.105096981197678952e-04
3.334329999999999927e+03 5.672970000000000269e-03 2.930697695606072645e-04
3.334400000000000091e+03 8.984650000000000275e-03 4.718078791115601096e-04
3.334480000000000018e+03 4.517789999999999827e-03 7.024201540339768037e-04
3.334550000000000182e+03 -1.727379999999999931e-03 9.315646841917544271e-04
3.334630000000000109e+03 -2.582909999999999894e-03 1.230351865339435061e-03
3.334699999999999818e+03 -1.846549999999999971e-03 1.529161829507163931e-03
3.334780000000000200e+03 -9.417270000000000046e-06 1.919755866830404967e-03
3.334849999999999909e+03 2.189379999999999885e-03 2.309979161643604083e-03
3.334929999999999836e+03 2.887840000000000025e-03 2.817868744038747562e-03
3.335000000000000000e+03 4.801950000000000142e-03 3.321712735416744097e-03
3.335079999999999927e+03 7.608539999999999574e-03 3.971195163488060176e-03
3.335150000000000091e+03 9.786160000000000345e-03 4.607992684122002094e-03
3.335230000000000018e+03 8.732399999999999538e-03 5.417603224756657732e-03
3.335300000000000182e+03 4.618200000000000256e-03 6.199187773313867035e-03
3.335380000000000109e+03 -2.733289999999999982e-04 7.175800970887546981e-03
3.335449999999999818e+03 1.604879999999999935e-03 8.100944248918709109e-03
3.335530000000000200e+03 7.801879999999999753e-03 9.233183769479203287e-03
3.335599999999999909e+03 6.538419999999999649e-03 1.028186671439740470e-02
3.335679999999999836e+03 6.568759999999999877e-03 1.153394682062055220e-02
3.335750000000000000e+03 9.672000000000000042e-03 1.266264055288103714e-02
3.335829999999999927e+03 6.138779999999999931e-03 1.397016314263205446e-02
3.335900000000000091e+03 6.817010000000000083e-03 1.510955718539530070e-02
3.335980000000000018e+03 1.214349999999999978e-02 1.637894159776767666e-02
3.336050000000000182e+03 1.022969999999999956e-02 1.743553135238151697e-02
3.336130000000000109e+03 6.570140000000000355e-03 1.854851114007943086e-02
3.336199999999999818e+03 9.439049999999999177e-03 1.941103955354266802e-02
3.336280000000000200e+03 1.936200000000000074e-02 2.023494461859625532e-02
3.336349999999999909e+03 2.343430000000000166e-02 2.078586766452715853e-02
3.336429999999999836e+03 1.777990000000000126e-02 2.118927149392606235e-02
3.336500000000000000e+03 1.647190000000000112e-02 2.132029322498997861e-02
3.336579999999999927e+03 2.074269999999999933e-02 2.119224524797438253e-02
3.336650000000000091e+03 2.541229999999999878e-02 2.082178426550261932e-02
3.336730000000000018e+03 2.551360000000000086e-02 2.009159675078244292e-02
3.336800000000000182e+03 1.661649999999999933e-02 1.918112438798524888e-02
3.336880000000000109e+03 7.530099999999999641e-03 1.783492246810558166e-02
3.336949999999999818e+03 8.186139999999999736e-03 1.640077216782540731e-02
3.337030000000000200e+03 1.455749999999999926e-02 1.449105948113184501e-02
3.337099999999999909e+03 1.527019999999999940e-02 1.260875360458514616e-02
3.337179999999999836e+03 1.027010000000000076e-02 1.025422557172918706e-02
3.337250000000000000e+03 5.411570000000000095e-03 8.053605737006060486e-03
3.337329999999999927e+03 -1.044180000000000021e-04 5.428228952969154329e-03
3.337400000000000091e+03 -3.625000000000000184e-03 3.079478841968658065e-03
3.337480000000000018e+03 -9.053079999999999591e-04 3.920637755704433746e-04
3.337550000000000182e+03 3.431519999999999970e-03 -1.915343714741249816e-03
3.337630000000000109e+03 8.662150000000000405e-04 -4.447766414024178355e-03
3.337699999999999818e+03 -4.761900000000000334e-03 -6.529584015600178870e-03
3.337780000000000200e+03 -2.671179999999999995e-03 -8.709868543292932294e-03
3.337849999999999909e+03 -3.783270000000000036e-03 -1.041064559554510764e-02
3.337929999999999836e+03 -1.251829999999999957e-02 -1.208606177944587627e-02
3.338000000000000000e+03 -1.790359999999999868e-02 -1.329758252339213048e-02
3.338079999999999927e+03 -1.989430000000000018e-02 -1.437653537953762113e-02
3.338150000000000091e+03 -2.142729999999999982e-02 -1.504810155355208734e-02
3.338230000000000018e+03 -2.147709999999999897e-02 -1.550655310953378586e-02
3.338300000000000182e+03 -1.411259999999999945e-02 -1.564588152815593949e-02
3.338380000000000109e+03 -1.043000000000000003e-02 -1.552319550550454105e-02
3.338449999999999818e+03 -1.678930000000000006e-02 -1.518864510913197317e-02
3.338530000000000200e+03 -1.895350000000000160e-02 -1.457466650982866367e-02
3.338599999999999909e+03 -1.701010000000000022e-02 -1.386111764129643008e-02
3.338679999999999836e+03 -1.585860000000000047e-02 -1.287777945553496804e-02
3.338750000000000000e+03 -1.333720000000000044e-02 -1.189940876585350756e-02
3.338829999999999927e+03 -1.263459999999999930e-02 -1.068074361998137996e-02
3.338900000000000091e+03 -1.099900000000000010e-02 -9.554039506613319285e-03
3.338980000000000018e+03 -7.837669999999999706e-03 -8.228150359531187855e-03
3.339050000000000182e+03 -1.019830000000000042e-02 -7.057894571201803191e-03
3.339130000000000109e+03 -1.157159999999999959e-02 -5.733426579278924108e-03
3.339199999999999818e+03 -7.649259999999999740e-03 -4.603294244845917808e-03
3.339280000000000200e+03 -4.116240000000000177e-03 -3.361607560268295262e-03
3.339349999999999909e+03 -1.594990000000000123e-04 -2.329843203131784675e-03
3.339429999999999836e+03 1.750559999999999963e-03 -1.222785739504952821e-03
3.339500000000000000e+03 -1.033590000000000030e-03 -3.223924837802716065e-04
3.339579999999999927e+03 -3.403340000000000250e-04 6.254048146879050054e-04
3.339650000000000091e+03 2.295600000000000071e-03 1.383184734191272641e-03
3.339730000000000018e+03 2.682620000000000143e-03 2.169082256145533731e-03
3.339800000000000182e+03 5.120030000000000241e-03 2.789461602726589148e-03
3.339880000000000109e+03 6.160770000000000308e-03 3.426308691439458945e-03
3.339949999999999818e+03 3.750170000000000153e-03 3.925178785966754874e-03
3.340030000000000200e+03 0.000000000000000000e+00 4.434911000387184790e-03
3.340099999999999909e+03 -3.509169999999999824e-03 4.833610760707319522e-03
3.340179999999999836e+03 -3.590639999999999978e-03 5.241868484940576632e-03
3.340250000000000000e+03 -1.953019999999999973e-03 5.563091440567402915e-03
3.340329999999999927e+03 -1.988020000000000065e-03 5.895303006988640744e-03
3.340400000000000091e+03 -2.388250000000000182e-03 6.160344660767423305e-03
3.340480000000000018e+03 1.223619999999999916e-03 6.439325283552999740e-03
3.340550000000000182e+03 6.340939999999999771e-03 6.666589419507316580e-03
3.340630000000000109e+03 8.612720000000000792e-03 6.911458158345616665e-03
3.340699999999999818e+03 9.638839999999999214e-03 7.115990399521392520e-03
3.340780000000000200e+03 5.890030000000000092e-03 7.342110865908031692e-03
3.340849999999999909e+03 -2.210170000000000017e-03 7.535905056152730763e-03
3.340929999999999836e+03 -8.866570000000000701e-03 7.755593585949909982e-03
3.341000000000000000e+03 -1.023529999999999926e-02 7.948499883921763404e-03
3.341079999999999927e+03 -5.836570000000000126e-03 8.172390417073004468e-03
3.341150000000000091e+03 -7.216809999999999501e-04 8.373619947096589203e-03
3.341230000000000018e+03 5.052240000000000376e-03 8.612802466373909241e-03
3.341300000000000182e+03 8.528050000000000561e-03 8.833250065082579039e-03
3.341380000000000109e+03 8.731769999999999810e-03 9.102581208945194693e-03
3.341449999999999818e+03 8.031979999999999328e-03 9.358443517269351627e-03
3.341530000000000200e+03 7.985420000000000018e-03 9.681711477582621850e-03
3.341599999999999909e+03 8.583669999999999842e-03 1.000009431577773833e-02
3.341679999999999836e+03 9.593330000000000607e-03 1.041789187043679760e-02
3.341750000000000000e+03 1.497530000000000042e-02 1.084513978937790522e-02
3.341829999999999927e+03 1.789980000000000043e-02 1.142614882746598171e-02
3.341900000000000091e+03 1.944629999999999970e-02 1.203926019232920593e-02
3.341980000000000018e+03 2.314269999999999869e-02 1.289486891224654770e-02
3.342050000000000182e+03 2.180210000000000134e-02 1.381528767422656248e-02
3.342130000000000109e+03 2.094520000000000062e-02 1.511572019308323432e-02
3.342199999999999818e+03 2.441729999999999942e-02 1.652278579745030188e-02
3.342280000000000200e+03 2.285229999999999900e-02 1.851008433868195358e-02
3.342349999999999909e+03 1.785799999999999887e-02 2.064853671836891502e-02
3.342429999999999836e+03 2.120939999999999978e-02 2.363817277772703451e-02
3.342500000000000000e+03 2.999390000000000042e-02 2.681101459748783458e-02
3.342579999999999927e+03 3.520020000000000093e-02 3.117082809098088020e-02
3.342650000000000091e+03 3.898719999999999963e-02 3.570701571768152005e-02
3.342730000000000018e+03 4.300280000000000075e-02 4.180171075470277137e-02
3.342800000000000182e+03 4.668069999999999858e-02 4.798971398277371986e-02
3.342880000000000109e+03 5.567369999999999958e-02 5.608381844087841767e-02
3.342949999999999818e+03 6.879559999999999842e-02 6.406910494836878800e-02
3.343030000000000200e+03 7.868509999999999394e-02 7.419286645209670350e-02
3.343099999999999909e+03 8.578429999999999389e-02 8.385044343511027787e-02
3.343179999999999836e+03 9.451110000000000066e-02 9.565079719835366256e-02
3.343250000000000000e+03 1.083879999999999982e-01 1.064607661421732854e-01
3.343329999999999927e+03 1.253519999999999912e-01 1.190785476999820236e-01
3.343400000000000091e+03 1.395220000000000071e-01 1.300472616468758558e-01
3.343480000000000018e+03 1.508720000000000061e-01 1.420737354098868810e-01
3.343550000000000182e+03 1.607989999999999975e-01 1.517472138573293383e-01
3.343630000000000109e+03 1.709160000000000124e-01 1.613081915741041150e-01
3.343699999999999818e+03 1.815980000000000094e-01 1.679107979029828002e-01
3.343780000000000200e+03 1.893509999999999915e-01 1.729000429701995911e-01
3.343849999999999909e+03 1.894609999999999905e-01 1.745998439081837272e-01
3.343929999999999836e+03 1.836969999999999992e-01 1.730414215644378306e-01
3.344000000000000000e+03 1.766800000000000037e-01 1.683064420865731659e-01
3.344079999999999927e+03 1.665820000000000078e-01 1.587898865372449897e-01
3.344150000000000091e+03 1.507469999999999921e-01 1.467798213663072393e-01
3.344230000000000018e+03 1.294210000000000083e-01 1.289055826779190450e-01
3.344300000000000182e+03 1.093149999999999955e-01 1.098461598395170241e-01
3.344380000000000109e+03 8.735750000000000459e-02 8.461028326226210927e-02
3.344449999999999818e+03 6.029120000000000312e-02 6.005420094985194912e-02
3.344530000000000200e+03 3.364000000000000323e-02 2.999151689700924744e-02
3.344599999999999909e+03 2.101879999999999981e-03 2.742850902122383541e-03
3.344679999999999836e+03 -3.216990000000000127e-02 -2.844392740615295581e-02
3.344750000000000000e+03 -6.358969999999999900e-02 -5.490376668809703042e-02
3.344829999999999927e+03 -9.187770000000000659e-02 -8.322412235559001337e-02
3.344900000000000091e+03 -1.145830000000000043e-01 -1.056159347035347668e-01
3.344980000000000018e+03 -1.354259999999999908e-01 -1.278020520903085377e-01
3.345050000000000182e+03 -1.495299999999999963e-01 -1.438367569397318302e-01
3.345130000000000109e+03 -1.544399999999999940e-01 -1.580277513795531885e-01
3.345199999999999818e+03 -1.627859999999999863e-01 -1.667595931551317801e-01
3.345280000000000200e+03 -1.711840000000000028e-01 -1.726181534505669690e-01
3.345349999999999909e+03 -1.760460000000000080e-01 -1.743378030045395211e-01
3.345429999999999836e+03 -1.785940000000000027e-01 -1.727661930337255070e-01
3.345500000000000000e+03 -1.706060000000000076e-01 -1.686698799365927981e-01
3.345579999999999927e+03 -1.586210000000000120e-01 -1.613856157563959837e-01
3.345650000000000091e+03 -1.479870000000000074e-01 -1.531861922968066891e-01
3.345730000000000018e+03 -1.362619999999999942e-01 -1.422740642108082654e-01
3.345800000000000182e+03 -1.239289999999999975e-01 -1.318182218141782935e-01
3.345880000000000109e+03 -1.080480000000000051e-01 -1.193193830844642700e-01
3.345949999999999818e+03 -9.724739999999999773e-02 -1.082654384213782989e-01
3.346030000000000200e+03 -9.636480000000000046e-02 -9.586707650306050543e-02
3.346099999999999909e+03 -9.051240000000000674e-02 -8.547359875581833633e-02
3.346179999999999836e+03 -7.928709999999999924e-02 -7.434205089769188590e-02
3.346250000000000000e+03 -7.246500000000000163e-02 -6.538725737933744064e-02
3.346329999999999927e+03 -6.434929999999999817e-02 -5.614536632164544155e-02
3.346400000000000091e+03 -5.307169999999999943e-02 -4.896006456667260226e-02
3.346480000000000018e+03 -4.573150000000000132e-02 -4.177263634317401192e-02
3.346550000000000182e+03 -4.259539999999999854e-02 -3.634520356001537389e-02
3.346630000000000109e+03 -4.158409999999999884e-02 -3.105959042592951885e-02
3.346699999999999818e+03 -4.038710000000000216e-02 -2.716629157884558471e-02
3.346780000000000200e+03 -4.008149999999999907e-02 -2.345879603493535026e-02
3.346849999999999909e+03 -4.119500000000000245e-02 -2.078257506623788775e-02
3.346929999999999836e+03 -3.716780000000000084e-02 -1.827765935084706139e-02
3.347000000000000000e+03 -3.478060000000000179e-02 -1.649509064992115900e-02
3.347079999999999927e+03 -3.658920000000000228e-02 -1.484365958834563300e-02
3.347150000000000091e+03 -3.391720000000000151e-02 -1.367542445900828650e-02
3.347230000000000018e+03 -3.014539999999999928e-02 -1.259373196016728286e-02
3.347300000000000182e+03 -2.354830000000000118e-02 -1.182444973635123249e-02
3.347380000000000109e+03 -1.956950000000000009e-02 -1.110359089110469002e-02
3.347449999999999818e+03 -2.302919999999999967e-02 -1.058123329373833639e-02
3.347530000000000200e+03 -2.000230000000000063e-02 -1.007927709117811127e-02
3.347599999999999909e+03 -1.617319999999999869e-02 -9.704170884406672706e-03
3.347679999999999836e+03 -2.157569999999999974e-02 -9.331053406908490153e-03
3.347750000000000000e+03 -2.464739999999999986e-02 -9.041852179863075351e-03
3.347829999999999927e+03 -2.115030000000000035e-02 -8.743647747038287357e-03
3.347900000000000091e+03 -1.824109999999999968e-02 -8.504522026395606657e-03
3.347980000000000018e+03 -1.777429999999999982e-02 -8.250374937422009364e-03
3.348050000000000182e+03 -1.826080000000000064e-02 -8.041134103021438731e-03
3.348130000000000109e+03 -1.696189999999999851e-02 -7.813771612351784468e-03
3.348199999999999818e+03 -1.781479999999999869e-02 -7.623049203020258388e-03
3.348280000000000200e+03 -2.256669999999999857e-02 -7.412505621844302402e-03
3.348349999999999909e+03 -2.263580000000000106e-02 -7.233403002406548279e-03
3.348429999999999836e+03 -1.951589999999999922e-02 -7.033104796906837486e-03
3.348500000000000000e+03 -1.648669999999999997e-02 -6.860510112848311644e-03
3.348579999999999927e+03 -1.496040000000000043e-02 -6.664863123969132740e-03
3.348650000000000091e+03 -1.562509999999999941e-02 -6.493767285382708032e-03
3.348730000000000018e+03 -1.422350000000000003e-02 -6.296581080488721470e-03
3.348800000000000182e+03 -1.242839999999999917e-02 -6.120913667530882528e-03
3.348880000000000109e+03 -1.272799999999999973e-02 -5.914237063714981348e-03
3.348949999999999818e+03 -1.360719999999999985e-02 -5.725948598194179756e-03
3.349030000000000200e+03 -1.242850000000000031e-02 -5.499108317368859439e-03
3.349099999999999909e+03 -1.073720000000000056e-02 -5.287400736883704488e-03
3.349179999999999836e+03 -7.715969999999999947e-03 -5.026218396843257739e-03
3.349250000000000000e+03 -3.084439999999999925e-03 -4.776972197404673326e-03
3.349329999999999927e+03 -2.070450000000000155e-03 -4.463288251277473806e-03
3.349400000000000091e+03 -1.982349999999999911e-03 -4.158856916910995752e-03
3.349480000000000018e+03 -8.459939999999999778e-04 -3.770614538063423934e-03
3.349550000000000182e+03 -4.704730000000000066e-04 -3.390249434973933301e-03
3.349630000000000109e+03 3.555829999999999842e-03 -2.902472820743319352e-03
3.349699999999999818e+03 6.303890000000000361e-03 -2.423685373263061160e-03
3.349780000000000200e+03 7.080279999999999777e-04 -1.810696173386356364e-03
3.349849999999999909e+03 -5.773699999999999666e-03 -1.211828541396818950e-03
3.349929999999999836e+03 -5.750240000000000212e-03 -4.509441758175829294e-04
3.350000000000000000e+03 0.000000000000000000e+00 2.849261891854349121e-04
3.350079999999999927e+03 4.211010000000000274e-03 1.208206928066446256e-03
3.350150000000000091e+03 2.659910000000000139e-03 2.088175407571146378e-03
3.350230000000000018e+03 9.461629999999999737e-04 3.173872532524769398e-03
3.350300000000000182e+03 3.264550000000000177e-03 4.189455633433747210e-03
3.350380000000000109e+03 4.405400000000000288e-03 5.416540709220619802e-03
3.350449999999999818e+03 5.680489999999999845e-03 6.538218435727391822e-03
3.350530000000000200e+03 9.838200000000000070e-03 7.859094899193860492e-03
3.350599999999999909e+03 1.404919999999999954e-02 9.032461975245764663e-03
3.350679999999999836e+03 1.676019999999999940e-02 1.037012280160994580e-02
3.350750000000000000e+03 1.389759999999999954e-02 1.151511790546365724e-02
3.350829999999999927e+03 1.091710000000000076e-02 1.276460881747478252e-02
3.350900000000000091e+03 1.494290000000000028e-02 1.377910619715981208e-02
3.350980000000000018e+03 2.240179999999999949e-02 1.481447950612540219e-02
3.351050000000000182e+03 2.161439999999999889e-02 1.558293010620298742e-02
3.351130000000000109e+03 1.425399999999999931e-02 1.626996191941752073e-02
3.351199999999999818e+03 1.478469999999999958e-02 1.667679615941170326e-02
3.351280000000000200e+03 1.416350000000000074e-02 1.689047266747415593e-02
3.351349999999999909e+03 9.898080000000000073e-03 1.683679165104014913e-02
3.351429999999999836e+03 1.150319999999999988e-02 1.648121162432537173e-02
3.351500000000000000e+03 1.220500000000000057e-02 1.590218070582287424e-02
3.351579999999999927e+03 1.209589999999999971e-02 1.492943544161510865e-02
3.351650000000000091e+03 1.252589999999999953e-02 1.380908706669097506e-02
3.351730000000000018e+03 1.017760000000000019e-02 1.223323363813043872e-02
3.351800000000000182e+03 8.403479999999999631e-03 1.061336873109467414e-02
3.351880000000000109e+03 7.922260000000000413e-03 8.516056402250123114e-03
3.351949999999999818e+03 4.968300000000000147e-03 6.496734174812102830e-03
3.352030000000000200e+03 -1.064870000000000096e-03 4.022401873919397020e-03
3.352099999999999909e+03 -3.853619999999999875e-03 1.753030992562610050e-03
3.352179999999999836e+03 -2.724020000000000174e-03 -9.063786820924178136e-04
3.352250000000000000e+03 -2.932280000000000216e-03 -3.244411959434342733e-03
3.352329999999999927e+03 -6.251740000000000422e-03 -5.873050497502283612e-03
3.352400000000000091e+03 -1.368579999999999970e-02 -8.089433105588326317e-03
3.352480000000000018e+03 -1.646150000000000044e-02 -1.047543056193681217e-02
3.352550000000000182e+03 -1.298020000000000077e-02 -1.239558276672457493e-02
3.352630000000000109e+03 -1.445650000000000060e-02 -1.435821413776892756e-02
3.352699999999999818e+03 -2.010299999999999934e-02 -1.584511963196768777e-02
3.352780000000000200e+03 -2.598889999999999881e-02 -1.725641345733069931e-02
3.352849999999999909e+03 -3.027149999999999980e-02 -1.822582879135250730e-02
3.352929999999999836e+03 -2.763300000000000131e-02 -1.902304235504725244e-02
3.353000000000000000e+03 -2.374470000000000053e-02 -1.944978224083920501e-02
3.353079999999999927e+03 -2.576989999999999836e-02 -1.963718232006465142e-02
3.353150000000000091e+03 -2.726069999999999882e-02 -1.955209812568663857e-02
3.353230000000000018e+03 -2.612710000000000032e-02 -1.919271311020177145e-02
3.353300000000000182e+03 -2.167550000000000032e-02 -1.867183603617750959e-02
3.353380000000000109e+03 -1.532060000000000019e-02 -1.787172475892171569e-02
3.353449999999999818e+03 -1.170009999999999974e-02 -1.702038946529122604e-02
3.353530000000000200e+03 -1.007339999999999972e-02 -1.590908721429907732e-02
3.353599999999999909e+03 -1.252250000000000064e-02 -1.484442240274047239e-02
3.353679999999999836e+03 -1.654920000000000002e-02 -1.355540590104724330e-02
3.353750000000000000e+03 -1.374709999999999994e-02 -1.239034626864862938e-02
3.353829999999999927e+03 -7.062350000000000225e-03 -1.104470216576539793e-02
3.353900000000000091e+03 -5.925689999999999950e-03 -9.875822707111065260e-03
3.353980000000000018e+03 -7.879360000000000183e-03 -8.571102746169265846e-03
3.354050000000000182e+03 -6.931370000000000066e-03 -7.471410140081522280e-03
3.354130000000000109e+03 -5.512350000000000062e-03 -6.276289410721877515e-03
3.354199999999999818e+03 -5.883669999999999699e-03 -5.292954418824087279e-03
3.354280000000000200e+03 -7.337259999999999963e-03 -4.247120874637619337e-03
3.354349999999999909e+03 -1.052480000000000082e-02 -3.403255396960282349e-03
3.354429999999999836e+03 -9.871400000000000660e-03 -2.521172962508221038e-03
3.354500000000000000e+03 -3.828610000000000086e-03 -1.820275542569959335e-03
3.354579999999999927e+03 0.000000000000000000e+00 -1.097151702996608828e-03
3.354650000000000091e+03 2.246870000000000204e-03 -5.287663916925743838e-04
3.354730000000000018e+03 4.914049999999999668e-03 5.284250144039982951e-05
3.354800000000000182e+03 4.029330000000000238e-03 5.074822407398727701e-04
3.354880000000000109e+03 -1.766969999999999923e-04 9.716204638483101012e-04
3.354949999999999818e+03 -1.856639999999999896e-03 1.334798592535253606e-03
3.355030000000000200e+03 7.552919999999999643e-04 1.707325109688275161e-03
3.355099999999999909e+03 4.495159999999999781e-03 2.001313795110657226e-03
3.355179999999999836e+03 5.252739999999999666e-03 2.306636608459178804e-03
3.355250000000000000e+03 3.965210000000000262e-03 2.551490512418004737e-03
3.355329999999999927e+03 4.310900000000000322e-03 2.810737380953642547e-03
3.355400000000000091e+03 4.793419999999999626e-03 3.023236817090931700e-03
3.355480000000000018e+03 7.009940000000000095e-03 3.253584712647415375e-03
3.355550000000000182e+03 8.301390000000000505e-03 3.447046003340064821e-03
3.355630000000000109e+03 9.106750000000000261e-03 3.661874804849950434e-03
3.355699999999999818e+03 1.072810000000000083e-02 3.846547120465232047e-03
3.355780000000000200e+03 8.027219999999999842e-03 4.056133622543636394e-03
3.355849999999999909e+03 8.620509999999999631e-03 4.239982388019001257e-03
3.355929999999999836e+03 1.406239999999999921e-02 4.452577927720302586e-03
3.356000000000000000e+03 1.960639999999999952e-02 4.642392305666271334e-03
3.356079999999999927e+03 2.154760000000000009e-02 4.865710559151532021e-03
3.356150000000000091e+03 1.416270000000000029e-02 5.068653791616442757e-03
3.356230000000000018e+03 8.501399999999999235e-03 5.312024402465620118e-03
3.356300000000000182e+03 9.771480000000000790e-03 5.537963015639631864e-03
3.356380000000000109e+03 9.444460000000000008e-03 5.815668367081285907e-03
3.356449999999999818e+03 1.191249999999999948e-02 6.080847832064938986e-03
3.356530000000000200e+03 1.667549999999999935e-02 6.417409360105335095e-03
3.356599999999999909e+03 1.816159999999999997e-02 6.750223791134851714e-03
3.356679999999999836e+03 1.592860000000000109e-02 7.188524595714436069e-03
3.356750000000000000e+03 1.372540000000000045e-02 7.638111506439811474e-03
3.356829999999999927e+03 1.550780000000000040e-02 8.251012983887950555e-03
3.356900000000000091e+03 1.920629999999999907e-02 8.898950549308587421e-03
3.356980000000000018e+03 2.101400000000000143e-02 9.804164078279931777e-03
3.357050000000000182e+03 1.568390000000000062e-02 1.077836123856689560e-02
3.357130000000000109e+03 1.281200000000000047e-02 1.215445207165619101e-02
3.357199999999999818e+03 2.075650000000000064e-02 1.364218677424563521e-02
3.357280000000000200e+03 2.718090000000000089e-02 1.574062032284646862e-02
3.357349999999999909e+03 2.852990000000000040e-02 1.799471803996658889e-02
3.357429999999999836e+03 3.002360000000000098e-02 2.113927036984612068e-02
3.357500000000000000e+03 3.195130000000000192e-02 2.446838174391504153e-02
3.357579999999999927e+03 3.891189999999999927e-02 2.903035446234881675e-02
3.357650000000000091e+03 4.473150000000000043e-02 3.376276262907529357e-02
3.357730000000000018e+03 4.466559999999999975e-02 4.010048167893948828e-02
3.357800000000000182e+03 5.185479999999999950e-02 4.651302517970452161e-02
3.357880000000000109e+03 6.580650000000000388e-02 5.486958603902887532e-02
3.357949999999999818e+03 7.551220000000000154e-02 6.308107371274206121e-02
3.358030000000000200e+03 7.821379999999999999e-02 7.344674123573272095e-02
3.358099999999999909e+03 8.260420000000000262e-02 8.328898315699334587e-02
3.358179999999999836e+03 9.544550000000000256e-02 9.525283780669677181e-02
3.358250000000000000e+03 1.052669999999999995e-01 1.061493625801190471e-01
3.358329999999999927e+03 1.116660000000000014e-01 1.187834541832420987e-01
3.358400000000000091e+03 1.245379999999999959e-01 1.296797707935179456e-01
3.358480000000000018e+03 1.417150000000000076e-01 1.415093399401352314e-01
3.358550000000000182e+03 1.558080000000000020e-01 1.509007559171180735e-01
3.358630000000000109e+03 1.616910000000000014e-01 1.600066657114337931e-01
3.358699999999999818e+03 1.659130000000000049e-01 1.660935731353946343e-01
3.358780000000000200e+03 1.715550000000000130e-01 1.703639224765857441e-01
3.358849999999999909e+03 1.743530000000000080e-01 1.713311994250260595e-01
3.358929999999999836e+03 1.759660000000000113e-01 1.688363525947787491e-01
3.359000000000000000e+03 1.691469999999999918e-01 1.632171730592221481e-01
3.359079999999999927e+03 1.506830000000000114e-01 1.526494530773939429e-01
3.359150000000000091e+03 1.364940000000000042e-01 1.397176993448142335e-01
3.359230000000000018e+03 1.259550000000000114e-01 1.208340272882907213e-01
3.359300000000000182e+03 1.043110000000000009e-01 1.009718519365841866e-01
3.359380000000000109e+03 7.278439999999999910e-02 7.496163846238934614e-02
3.359449999999999818e+03 4.044699999999999684e-02 4.989274879008747526e-02
3.359530000000000200e+03 1.458850000000000077e-02 1.947020599788777326e-02
3.359599999999999909e+03 -7.730100000000000166e-03 -7.875211365508118580e-03
3.359679999999999836e+03 -3.645749999999999685e-02 -3.891577488573817051e-02
3.359750000000000000e+03 -6.757080000000000031e-02 -6.503129420353079282e-02
3.359829999999999927e+03 -9.528939999999999633e-02 -9.273710499089712900e-02
3.359900000000000091e+03 -1.186419999999999975e-01 -1.144309026918334526e-01
3.359980000000000018e+03 -1.367470000000000074e-01 -1.356841652291108646e-01
3.360050000000000182e+03 -1.528120000000000034e-01 -1.508272923038333768e-01
3.360130000000000109e+03 -1.625109999999999888e-01 -1.639630727149205269e-01
3.360199999999999818e+03 -1.677700000000000025e-01 -1.717778496957340917e-01
3.360280000000000200e+03 -1.748790000000000067e-01 -1.766347645045800996e-01
3.360349999999999909e+03 -1.761890000000000123e-01 -1.775457667707523723e-01
3.360429999999999836e+03 -1.704690000000000094e-01 -1.751527584924643666e-01
3.360500000000000000e+03 -1.661640000000000061e-01 -1.704427091873005340e-01
3.360579999999999927e+03 -1.594889999999999919e-01 -1.625877817591419583e-01
3.360650000000000091e+03 -1.448909999999999920e-01 -1.540066413220533836e-01
3.360730000000000018e+03 -1.334919999999999995e-01 -1.427901824626333083e-01
3.360800000000000182e+03 -1.273579999999999990e-01 -1.321768088022166332e-01
3.360880000000000109e+03 -1.155329999999999968e-01 -1.196098967798836371e-01
3.360949999999999818e+03 -1.060299999999999992e-01 -1.085813925974774552e-01
3.361030000000000200e+03 -9.866400000000000170e-02 -9.629188561949893199e-02
3.361099999999999909e+03 -8.652219999999999356e-02 -8.604834191790419751e-02
3.361179999999999836e+03 -8.078290000000000470e-02 -7.513294979812978891e-02
3.361250000000000000e+03 -7.399469999999999659e-02 -6.639270738662393645e-02
3.361329999999999927e+03 -6.440590000000000204e-02 -5.741045809604678613e-02
3.361400000000000091e+03 -6.124620000000000064e-02 -5.045465351304961182e-02
3.361480000000000018e+03 -5.655330000000000079e-02 -4.352227270969716982e-02
3.361550000000000182e+03 -5.199959999999999999e-02 -3.830546981632977632e-02
3.361630000000000109e+03 -4.966729999999999756e-02 -3.324114392422111014e-02
3.361699999999999818e+03 -4.429559999999999748e-02 -2.952191619277858697e-02
3.361780000000000200e+03 -3.904429999999999706e-02 -2.598969100758498352e-02
3.361849999999999909e+03 -3.903149999999999675e-02 -2.344617552173263939e-02
3.361929999999999836e+03 -3.857030000000000181e-02 -2.107041024246295718e-02
3.362000000000000000e+03 -3.391410000000000258e-02 -1.938266060816661376e-02
3.362079999999999927e+03 -3.120090000000000016e-02 -1.782104068273714786e-02
3.362150000000000091e+03 -2.888059999999999933e-02 -1.671718983152558138e-02
3.362230000000000018e+03 -2.352450000000000027e-02 -1.569529559314111061e-02
3.362300000000000182e+03 -1.587809999999999916e-02 -1.496822757726804821e-02
3.362380000000000109e+03 -1.237790000000000071e-02 -1.428619030546191514e-02
3.362449999999999818e+03 -1.215660000000000004e-02 -1.379112928263235074e-02
3.362530000000000200e+03 -1.236010000000000060e-02 -1.331435091415120175e-02
3.362599999999999909e+03 -1.614760000000000154e-02 -1.295712657640063319e-02
3.362679999999999836e+03 -1.807500000000000079e-02 -1.260078065467421307e-02
3.362750000000000000e+03 -2.006869999999999835e-02 -1.232375072895942544e-02
3.362829999999999927e+03 -2.073590000000000155e-02 -1.203722375441175149e-02
3.362900000000000091e+03 -1.330600000000000012e-02 -1.180673289743595575e-02
3.362980000000000018e+03 -5.526370000000000067e-03 -1.156092491639380826e-02
3.363050000000000182e+03 -5.739840000000000393e-03 -1.135775574079497807e-02
3.363130000000000109e+03 -9.730499999999999566e-03 -1.113593684156396167e-02
3.363199999999999818e+03 -1.193160000000000054e-02 -1.094874616386060963e-02
3.363280000000000200e+03 -1.090819999999999984e-02 -1.074049740460329520e-02
3.363349999999999909e+03 -9.867330000000000545e-03 -1.056158527039055030e-02
3.363429999999999836e+03 -1.255279999999999938e-02 -1.035895699925408128e-02
3.363500000000000000e+03 -1.276300000000000004e-02 -1.018159606322602967e-02
3.363579999999999927e+03 -1.448789999999999974e-02 -9.976659325363991526e-03
3.363650000000000091e+03 -2.008530000000000038e-02 -9.793352247740264027e-03
3.363730000000000018e+03 -1.827880000000000130e-02 -9.576545776284271783e-03
3.363800000000000182e+03 -1.071539999999999992e-02 -9.377804425654220205e-03
3.363880000000000109e+03 -6.180950000000000159e-03 -9.136745090261418067e-03
3.363949999999999818e+03 -5.399929999999999834e-03 -8.910210850578231118e-03
3.364030000000000200e+03 -6.237910000000000156e-03 -8.628876912496195525e-03
3.364099999999999909e+03 -6.418659999999999644e-03 -8.358794766647381982e-03
3.364179999999999836e+03 -4.286930000000000428e-03 -8.017189401081733016e-03
3.364250000000000000e+03 -7.871470000000000203e-03 -7.684400075501638880e-03
3.364329999999999927e+03 -1.074469999999999939e-02 -7.258948208857547886e-03
3.364400000000000091e+03 -6.306250000000000223e-03 -6.841662228240960944e-03
3.364480000000000018e+03 -6.577910000000000180e-03 -6.306669754395141832e-03
3.364550000000000182e+03 -5.993059999999999707e-03 -5.782314491819085661e-03
3.364630000000000109e+03 -1.202130000000000039e-03 -5.112796841642567452e-03
3.364699999999999818e+03 -3.362379999999999883e-03 -4.461154780110450357e-03
3.364780000000000200e+03 -6.790140000000000065e-03 -3.637190166757623550e-03
3.364849999999999909e+03 -3.322499999999999933e-03 -2.844850105003833216e-03
3.364929999999999836e+03 0.000000000000000000e+00 -1.857314433486777607e-03
3.365000000000000000e+03 3.395790000000000093e-04 -9.231353519254770993e-04
3.365079999999999927e+03 5.751890000000000388e-04 2.197513330025886290e-04
3.365150000000000091e+03 5.571070000000000015e-03 1.278874682562015528e-03
3.365230000000000018e+03 1.127470000000000035e-02 2.545246863637627699e-03
3.365300000000000182e+03 7.888479999999999798e-03 3.689441625186135401e-03
3.365380000000000109e+03 1.978220000000000152e-03 5.019210899758545091e-03
3.365449999999999818e+03 2.746660000000000160e-03 6.182921959195525168e-03
3.365530000000000200e+03 7.261280000000000165e-03 7.486600290196010823e-03
3.365599999999999909e+03 1.039089999999999979e-02 8.579561892128184999e-03
3.365679999999999836e+03 1.288070000000000014e-02 9.741981947432835562e-03
3.365750000000000000e+03 1.404840000000000082e-02 1.065494429703159156e-02
3.365829999999999927e+03 1.440699999999999967e-02 1.154472437493912068e-02
3.365900000000000091e+03 1.534759999999999944e-02 1.216024307342316105e-02
3.365980000000000018e+03 2.036529999999999938e-02 1.264475625092199851e-02
3.366050000000000182e+03 2.606699999999999989e-02 1.285225884935706914e-02
3.366130000000000109e+03 2.123529999999999862e-02 1.281651977267211397e-02
3.366199999999999818e+03 1.048430000000000022e-02 1.252966992126923300e-02
3.366280000000000200e+03 7.275720000000000277e-03 1.189626370776182031e-02
3.366349999999999909e+03 8.876830000000000484e-03 1.106966442263388438e-02
3.366429999999999836e+03 9.117890000000000023e-03 9.815990467596897098e-03
3.366500000000000000e+03 1.450180000000000045e-02 8.457829281937043198e-03
3.366579999999999927e+03 1.493389999999999995e-02 6.626850155241227960e-03
3.366650000000000091e+03 2.697789999999999824e-03 4.804419174096060362e-03
3.366730000000000018e+03 -3.988219999999999786e-03 2.505954066657287670e-03
3.366800000000000182e+03 2.356309999999999915e-03 3.421147629377883827e-04
3.366880000000000109e+03 7.309290000000000405e-03 -2.256592190328959163e-03
3.366949999999999818e+03 1.877179999999999994e-03 -4.596183914715537035e-03
3.367030000000000200e+03 -5.585269999999999818e-03 -7.289709969152220401e-03
3.367099999999999909e+03 -6.254290000000000023e-03 -9.616849656396588356e-03
3.367179999999999836e+03 -4.658680000000000113e-03 -1.218760797911679246e-02
3.367250000000000000e+03 -8.417199999999999682e-03 -1.431582878554567111e-02
3.367329999999999927e+03 -1.401260000000000006e-02 -1.656227562154048011e-02
3.367400000000000091e+03 -1.752679999999999863e-02 -1.833082159083970070e-02
3.367480000000000018e+03 -1.650249999999999981e-02 -2.009277698611971336e-02
3.367550000000000182e+03 -1.281580000000000046e-02 -2.138598222223589765e-02
3.367630000000000109e+03 -1.628430000000000155e-02 -2.256264732856898270e-02
3.367699999999999818e+03 -2.177779999999999994e-02 -2.332148633500948087e-02
3.367780000000000200e+03 -1.951960000000000153e-02 -2.387938405359369201e-02
3.367849999999999909e+03 -1.869470000000000159e-02 -2.410369060987955017e-02
3.367929999999999836e+03 -2.244610000000000008e-02 -2.407393342668239650e-02
3.368000000000000000e+03 -2.166420000000000151e-02 -2.381573890400161958e-02
3.368079999999999927e+03 -2.037169999999999953e-02 -2.328216897532305735e-02
3.368150000000000091e+03 -1.950369999999999882e-02 -2.263229210845328632e-02
3.368230000000000018e+03 -1.808049999999999935e-02 -2.171362789701577686e-02
3.368300000000000182e+03 -2.229839999999999947e-02 -2.078467895109090482e-02
3.368380000000000109e+03 -2.765839999999999965e-02 -1.961452132492476352e-02
3.368449999999999818e+03 -2.479949999999999863e-02 -1.852369934491464309e-02
3.368530000000000200e+03 -1.597550000000000012e-02 -1.723204554495574858e-02
3.368599999999999909e+03 -1.005670000000000001e-02 -1.608657630807710723e-02
3.368679999999999836e+03 -7.979969999999999425e-03 -1.478555527846219832e-02
3.368750000000000000e+03 -1.007790000000000075e-02 -1.367258832554122706e-02
3.368829999999999927e+03 -9.827650000000000274e-03 -1.244781160293011515e-02
3.368900000000000091e+03 -5.940589999999999933e-03 -1.142939741516948819e-02
3.368980000000000018e+03 -9.058780000000000651e-03 -1.033699319981605698e-02
3.369050000000000182e+03 -1.342169999999999995e-02 -9.449702416165004296e-03
3.369130000000000109e+03 -1.216040000000000003e-02 -8.518066429388203298e-03
3.369199999999999818e+03 -7.401050000000000163e-03 -7.776096803687236256e-03
3.369280000000000200e+03 -3.812649999999999893e-03 -7.010811352003070394e-03
3.369349999999999909e+03 -6.837160000000000112e-03 -6.411127180277571488e-03
3.369429999999999836e+03 -8.703449999999999728e-03 -5.801379766933791385e-03
3.369500000000000000e+03 -5.144690000000000374e-03 -5.329496501155734506e-03
3.369579999999999927e+03 -2.981650000000000186e-03 -4.854568502198080074e-03
3.369650000000000091e+03 -1.896230000000000051e-03 -4.489911225594553530e-03
3.369730000000000018e+03 -9.877029999999999317e-04 -4.124747547815714455e-03
3.369800000000000182e+03 -3.279929999999999912e-03 -3.844932676652628584e-03
3.369880000000000109e+03 -4.562599999999999989e-03 -3.564288300997325680e-03
3.369949999999999818e+03 -8.961610000000000279e-04 -3.348080824993165602e-03
3.370030000000000200e+03 3.988039999999999988e-03 -3.129153374586622106e-03
3.370099999999999909e+03 4.155589999999999805e-03 -2.958159270464415756e-03
3.370179999999999836e+03 0.000000000000000000e+00 -2.781897557844597094e-03
3.370250000000000000e+03 -2.434239999999999841e-03 -2.641233242627857684e-03
3.370329999999999927e+03 -2.207390000000000047e-03 -2.492650217558734817e-03
3.370400000000000091e+03 7.232809999999999890e-04 -2.370896386625044854e-03
3.370480000000000018e+03 2.980329999999999785e-03 -2.238734887720362967e-03
3.370550000000000182e+03 4.845000000000000348e-03 -2.127459850503750707e-03
3.370630000000000109e+03 5.147330000000000308e-03 -2.003498667293435610e-03
3.370699999999999818e+03 1.700569999999999990e-03 -1.896559540532738062e-03
3.370780000000000200e+03 2.499490000000000045e-03 -1.774740353598240877e-03
3.370849999999999909e+03 4.983089999999999915e-03 -1.667464931181049164e-03
3.370929999999999836e+03 5.149830000000000206e-03 -1.542890308438042354e-03
3.371000000000000000e+03 5.764080000000000419e-03 -1.431121636201475441e-03
3.371079999999999927e+03 7.128800000000000241e-03 -1.298829548189561062e-03
3.371150000000000091e+03 6.675740000000000320e-03 -1.177683195528370736e-03
3.371230000000000018e+03 -4.991540000000000256e-04 -1.030947507211363127e-03
3.371300000000000182e+03 -5.210339999999999937e-03 -8.929930184360329939e-04
3.371380000000000109e+03 -1.732370000000000004e-03 -7.207452119210517368e-04
3.371449999999999818e+03 -3.290100000000000229e-04 -5.532014987452352336e-04
3.371530000000000200e+03 -6.176299999999999802e-04 -3.360631837930874635e-04
3.371599999999999909e+03 3.834409999999999902e-03 -1.165565717350222543e-04
3.371679999999999836e+03 9.235159999999999203e-03 1.789802943828841964e-04
3.371750000000000000e+03 6.549550000000000337e-03 4.883858113198062938e-04
3.371829999999999927e+03 5.322919999999999648e-04 9.177231768051129310e-04
3.371900000000000091e+03 2.188939999999999896e-03 1.377981382015667491e-03
3.371980000000000018e+03 3.346580000000000041e-03 2.027321453237766226e-03
3.372050000000000182e+03 2.577330000000000072e-04 2.730041720884125722e-03
3.372130000000000109e+03 3.517199999999999840e-03 3.724095114341085394e-03
3.372199999999999818e+03 6.778499999999999803e-03 4.796457880456403595e-03
3.372280000000000200e+03 3.593770000000000037e-03 6.300581158598710096e-03
3.372349999999999909e+03 2.922310000000000012e-03 7.902804128724759403e-03
3.372429999999999836e+03 4.718830000000000247e-03 1.011329539964598082e-02
3.372500000000000000e+03 3.331680000000000058e-03 1.242268070214936314e-02
3.372579999999999927e+03 5.866439999999999676e-03 1.553838875074545385e-02
3.372650000000000091e+03 1.024890000000000002e-02 1.871455663809980935e-02
3.372730000000000018e+03 7.352059999999999672e-03 2.288523541364061858e-02
3.372800000000000182e+03 8.115360000000000282e-03 2.701482264332490460e-02
3.372880000000000109e+03 1.660930000000000045e-02 3.226795278942938550e-02
3.372949999999999818e+03 2.438239999999999852e-02 3.729435074063263550e-02
3.373030000000000200e+03 3.127900000000000125e-02 4.345220921949538573e-02
3.373099999999999909e+03 3.959410000000000013e-02 4.910567258166733534e-02
3.373179999999999836e+03 5.034559999999999730e-02 5.571567307480332354e-02
3.373250000000000000e+03 5.772499999999999853e-02 6.146795903382985815e-02
3.373329999999999927e+03 5.559680000000000177e-02 6.777671922142966543e-02
3.373400000000000091e+03 5.489549999999999985e-02 7.284729180692044170e-02
3.373480000000000018e+03 6.325709999999999666e-02 7.784662161651961787e-02
3.373550000000000182e+03 6.902679999999999927e-02 8.127979275311558727e-02
3.373630000000000109e+03 7.350310000000000177e-02 8.383723829975006647e-02
3.373699999999999818e+03 8.114830000000000654e-02 8.465059437639760320e-02
3.373780000000000200e+03 8.507610000000000172e-02 8.371109625238724872e-02
3.373849999999999909e+03 8.526050000000000295e-02 8.109162181741759456e-02
3.373929999999999836e+03 7.609180000000000110e-02 7.591271362449328319e-02
3.374000000000000000e+03 6.103879999999999723e-02 6.942321335811704741e-02
3.374079999999999927e+03 5.003980000000000233e-02 5.980360070998171074e-02
3.374150000000000091e+03 4.192529999999999868e-02 4.957258621045757679e-02
3.374230000000000018e+03 3.285319999999999907e-02 3.605422874410614542e-02
3.374300000000000182e+03 1.882709999999999939e-02 2.293138153524211173e-02
3.374380000000000109e+03 9.262839999999999616e-03 6.924543436081828651e-03
3.374449999999999818e+03 3.408089999999999904e-03 -7.501295712583127759e-03
3.374530000000000200e+03 -1.241289999999999928e-02 -2.387270725690236045e-02
3.374599999999999909e+03 -3.123400000000000135e-02 -3.760669498918375875e-02
3.374679999999999836e+03 -4.667580000000000340e-02 -5.210095947114988524e-02
3.374750000000000000e+03 -5.996420000000000222e-02 -6.337044442684321155e-02
3.374829999999999927e+03 -7.262079999999999924e-02 -7.431530423982946054e-02
3.374900000000000091e+03 -8.599980000000000124e-02 -8.202773288207987346e-02
3.374980000000000018e+03 -9.424670000000000269e-02 -8.861419964780889447e-02
3.375050000000000182e+03 -9.294800000000000284e-02 -9.242817827613161730e-02
3.375130000000000109e+03 -8.719949999999999923e-02 -9.464400617550210171e-02
3.375199999999999818e+03 -8.576200000000000490e-02 -9.483826660563722533e-02
3.375280000000000200e+03 -8.810389999999999888e-02 -9.327938588108411477e-02
3.375349999999999909e+03 -8.786679999999999491e-02 -9.057057247408382972e-02
3.375429999999999836e+03 -8.041460000000000274e-02 -8.621946513174477689e-02
3.375500000000000000e+03 -6.989270000000000205e-02 -8.155912155020471344e-02
3.375579999999999927e+03 -6.126550000000000051e-02 -7.554813021840207921e-02
3.375650000000000091e+03 -5.354319999999999913e-02 -6.991927411705244066e-02
3.375730000000000018e+03 -5.199499999999999955e-02 -6.331361967074408681e-02
3.375800000000000182e+03 -5.632689999999999919e-02 -5.756375063547133908e-02
3.375880000000000109e+03 -5.477250000000000174e-02 -5.120583606900486195e-02
3.375949999999999818e+03 -4.409489999999999937e-02 -4.594628351948647216e-02
3.376030000000000200e+03 -3.612390000000000045e-02 -4.038339187458259844e-02
3.376099999999999909e+03 -3.452779999999999738e-02 -3.596220187008171421e-02
3.376179999999999836e+03 -3.394490000000000007e-02 -3.145239577444702145e-02
3.376250000000000000e+03 -3.632719999999999699e-02 -2.798627262134993285e-02
3.376329999999999927e+03 -3.724689999999999945e-02 -2.455772588464558495e-02
3.376400000000000091e+03 -3.493700000000000278e-02 -2.199711943197747363e-02
3.376480000000000018e+03 -3.043639999999999887e-02 -1.952983901128250294e-02
3.376550000000000182e+03 -2.317920000000000050e-02 -1.773122020977012728e-02
3.376630000000000109e+03 -1.765689999999999968e-02 -1.603510548244263534e-02
3.376699999999999818e+03 -1.141200000000000027e-02 -1.482200650749023428e-02
3.376780000000000200e+03 -4.641929999999999841e-03 -1.369586415898071431e-02
3.376849999999999909e+03 -3.911760000000000237e-03 -1.290019129049336730e-02
3.376929999999999836e+03 -5.695480000000000161e-03 -1.216715892785071550e-02
3.377000000000000000e+03 -3.747129999999999992e-03 -1.165058416534876622e-02
3.377079999999999927e+03 -3.109789999999999863e-03 -1.117301430003918641e-02
3.377150000000000091e+03 -5.106620000000000083e-03 -1.083306976478201449e-02
3.377230000000000018e+03 -2.693710000000000201e-03 -1.051338361566413540e-02
3.377300000000000182e+03 -1.249380000000000022e-03 -1.028031201947500473e-02
3.377380000000000109e+03 -4.419939999999999806e-03 -1.005449173915356868e-02
3.377449999999999818e+03 1.005079999999999938e-04 -9.884089745587073400e-03
3.377530000000000200e+03 7.374109999999999693e-03 -9.712845605875229660e-03
3.377599999999999909e+03 4.429439999999999766e-03 -9.578789283330351248e-03
3.377679999999999836e+03 -2.640019999999999867e-03 -9.439357381344977080e-03
3.377750000000000000e+03 -3.517559999999999871e-03 -9.326776924191723314e-03
3.377829999999999927e+03 -1.343030000000000048e-03 -9.206579764901976284e-03
3.377900000000000091e+03 9.216989999999999992e-05 -9.107413689689930134e-03
3.377980000000000018e+03 3.571280000000000027e-03 -8.999728985054708183e-03
3.378050000000000182e+03 3.189110000000000208e-03 -8.909706884526538695e-03
3.378130000000000109e+03 4.581470000000000030e-04 -8.810979051150694824e-03
3.378199999999999818e+03 1.553329999999999902e-03 -8.727825782856137374e-03
3.378280000000000200e+03 2.396740000000000068e-03 -8.636126198709237478e-03
3.378349999999999909e+03 2.581570000000000045e-03 -8.558570231607512402e-03
3.378429999999999836e+03 4.899220000000000137e-03 -8.472775183959023459e-03
3.378500000000000000e+03 6.088999999999999795e-03 -8.400035911355959589e-03
3.378579999999999927e+03 6.602460000000000100e-03 -8.319413963010826793e-03
3.378650000000000091e+03 6.448330000000000381e-03 -8.250951391890319966e-03
3.378730000000000018e+03 1.464620000000000028e-03 -8.174966801279612630e-03
3.378800000000000182e+03 -2.991820000000000070e-03 -8.110364846688885784e-03
3.378880000000000109e+03 -2.468680000000000006e-03 -8.038587424138845389e-03
3.378949999999999818e+03 2.347269999999999825e-03 -7.977500970696792260e-03
3.379030000000000200e+03 5.609920000000000011e-03 -7.909565279919761327e-03
3.379099999999999909e+03 0.000000000000000000e+00 -7.851696012957942034e-03
3.379179999999999836e+03 -3.235120000000000183e-03 -7.787282312748874079e-03
3.379250000000000000e+03 6.214779999999999610e-04 -7.732366969134118508e-03
3.379329999999999927e+03 1.305799999999999973e-03 -7.671191404396650662e-03
3.379400000000000091e+03 1.786150000000000021e-03 -7.618995268080451869e-03
3.379480000000000018e+03 2.744849999999999851e-04 -7.560803979561032603e-03
3.379550000000000182e+03 -7.514780000000000418e-03 -7.511116637887530097e-03
3.379630000000000109e+03 -1.030039999999999949e-02 -7.455681621392615775e-03
3.379699999999999818e+03 -2.642869999999999855e-03 -7.408313788747036138e-03
3.379780000000000200e+03 6.937329999999999799e-04 -7.355429644743820099e-03
3.379849999999999909e+03 -5.206920000000000298e-03 -7.310210580842127145e-03
3.379929999999999836e+03 -7.085720000000000213e-03 -7.259691809135222773e-03
3.380000000000000000e+03 -5.366830000000000385e-03 -7.216467135406551270e-03
3.380079999999999927e+03 -4.051100000000000187e-03 -7.168145822930703515e-03
3.380150000000000091e+03 0.000000000000000000e+00 -7.126775643186922249e-03
3.380230000000000018e+03 2.511180000000000009e-03 -7.080499464877950885e-03
3.380300000000000182e+03 2.177880000000000094e-04 -7.040856735247095696e-03
3.380380000000000109e+03 -1.750459999999999907e-03 -6.996487216076387704e-03
3.380449999999999818e+03 -3.476589999999999889e-03 -6.958456325333145856e-03
3.380530000000000200e+03 -8.086110000000000519e-03 -6.915867324409559133e-03
3.380599999999999909e+03 -1.165270000000000021e-02 -6.879342854060576697e-03
3.380679999999999836e+03 -1.107290000000000010e-02 -6.838419239056326912e-03
3.380750000000000000e+03 -8.123329999999999787e-03 -6.803304877828890776e-03
3.380829999999999927e+03 -3.937529999999999850e-03 -6.763941363153017951e-03
3.380900000000000091e+03 0.000000000000000000e+00 -6.730148954510606005e-03
3.380980000000000018e+03 3.911109999999999760e-03 -6.692249080735255228e-03
3.381050000000000182e+03 5.546920000000000323e-03 -6.659697785269722524e-03
3.381130000000000109e+03 2.862509999999999968e-03 -6.623173020666148908e-03
3.381199999999999818e+03 3.182819999999999833e-03 -6.591788577908668303e-03
3.381280000000000200e+03 5.479389999999999782e-03 -6.556557525772116132e-03
3.381349999999999909e+03 5.492979999999999738e-03 -6.526271602222986912e-03
3.381429999999999836e+03 3.122849999999999931e-03 -6.492259300040717322e-03
3.381500000000000000e+03 1.898869999999999985e-03 -6.463008912132573586e-03
3.381579999999999927e+03 6.304019999999999589e-03 -6.430146210652685698e-03
3.381650000000000091e+03 1.003169999999999930e-02 -6.401873212973904770e-03
3.381730000000000018e+03 1.395459999999999930e-02 -6.370096224938587293e-03
3.381800000000000182e+03 1.806369999999999851e-02 -6.342746855412129819e-03
3.381880000000000109e+03 1.434979999999999936e-02 -6.311996465151882563e-03
3.381949999999999818e+03 4.801490000000000272e-03 -6.285520940028150108e-03
3.382030000000000200e+03 -2.270770000000000080e-03 -6.255742366339970412e-03
3.382099999999999909e+03 -6.026459999999999977e-03 -6.230094518844491933e-03
3.382179999999999836e+03 -8.050899999999999723e-03 -6.201236924616181957e-03
3.382250000000000000e+03 -4.319299999999999876e-03 -6.176373881935726465e-03
3.382329999999999927e+03 1.932429999999999955e-03 -6.148390024860490508e-03
3.382400000000000091e+03 4.406860000000000291e-03 -6.124271918863921291e-03
3.382480000000000018e+03 1.567610000000000097e-03 -6.097117838350960689e-03
3.382550000000000182e+03 0.000000000000000000e+00 -6.073707546052443083e-03
3.382630000000000109e+03 2.769649999999999803e-03 -6.047342282079329334e-03
3.382699999999999818e+03 4.785260000000000381e-03 -6.024605192376950025e-03
3.382780000000000200e+03 5.958409999999999922e-03 -5.998990532586390839e-03
3.382849999999999909e+03 5.566439999999999756e-03 -5.976894336254515508e-03
3.382929999999999836e+03 4.656320000000000250e-03 -5.951994588072995196e-03
3.383000000000000000e+03 4.272119999999999911e-03 -5.930509088375115860e-03
3.383079999999999927e+03 5.243000000000000264e-03 -5.906290873336504481e-03
3.383150000000000091e+03 5.036610000000000392e-03 -5.885387814954741448e-03
3.383230000000000018e+03 7.356689999999999931e-04 -5.861819882769097288e-03
3.383300000000000182e+03 -3.499239999999999816e-03 -5.841472797032748292e-03
3.383380000000000109e+03 -3.359860000000000103e-03 -5.818525857239329607e-03
3.383449999999999818e+03 -1.754300000000000087e-03 -5.798709921884172280e-03
3.383530000000000200e+03 5.004010000000000359e-04 -5.776356491193533615e-03
3.383599999999999909e+03 4.388190000000000146e-03 -5.757048403094926214e-03
3.383679999999999836e+03 5.095289999999999715e-03 -5.735262666752647537e-03
