3.320000000000000000e+03 7.567169999999999799e-03 -1.456626237822500553e-03
3.320079999999999927e+03 3.501719999999999833e-03 -1.456625631534074188e-03
3.320150000000000091e+03 4.115040000000000364e-03 -1.456624962501868901e-03
3.320230000000000018e+03 1.038290000000000046e-02 -1.456623998900546035e-03
3.320300000000000182e+03 1.073649999999999952e-02 -1.456622939474933476e-03
3.320380000000000109e+03 5.114660000000000040e-03 -1.456621419248424346e-03
3.320449999999999818e+03 2.959530000000000147e-03 -1.456619753982448667e-03
3.320530000000000200e+03 2.276820000000000146e-03 -1.456617373275380552e-03
3.320599999999999909e+03 -3.177119999999999857e-03 -1.456614775029541802e-03
3.320679999999999836e+03 -6.715519999999999996e-03 -1.456611074328435134e-03
3.320750000000000000e+03 -4.008639999999999946e-03 -1.456607050366643102e-03
3.320829999999999927e+03 -1.501299999999999900e-03 -1.456601340371093799e-03
3.320900000000000091e+03 -5.331220000000000230e-04 -1.456595154546703325e-03
3.320980000000000018e+03 -1.616459999999999902e-03 -1.456586409659333097e-03
3.321050000000000182e+03 -2.345600000000000202e-03 -1.456576971131630632e-03
3.321130000000000109e+03 -9.760969999999999890e-04 -1.456563677857067481e-03
3.321199999999999818e+03 -2.661590000000000136e-03 -1.456549383445812987e-03
3.321280000000000200e+03 -4.026649999999999674e-03 -1.456529326663870243e-03
3.321349999999999909e+03 -2.296470000000000108e-03 -1.456507839670368289e-03
3.321429999999999836e+03 0.000000000000000000e+00 -1.456477804240542727e-03
3.321500000000000000e+03 2.326920000000000117e-03 -1.456445747160014853e-03
3.321579999999999927e+03 2.017989999999999888e-03 -1.456401105420099913e-03
3.321650000000000091e+03 -8.308249999999999880e-04 -1.456353637268329327e-03
3.321730000000000018e+03 -6.808250000000000066e-03 -1.456287784522115360e-03
3.321800000000000182e+03 -1.072279999999999935e-02 -1.456218025351395688e-03
3.321880000000000109e+03 -8.916010000000000255e-03 -1.456121615256532678e-03
3.321949999999999818e+03 -8.359609999999999957e-03 -1.456019870748874716e-03
3.322030000000000200e+03 -8.571550000000000696e-03 -1.455879790557607642e-03
3.322099999999999909e+03 -6.014509999999999822e-03 -1.455732518358784445e-03
3.322179999999999836e+03 -1.859839999999999974e-03 -1.455530530308984894e-03
3.322250000000000000e+03 -1.855199999999999991e-03 -1.455318977153012300e-03
3.322329999999999927e+03 -7.951939999999999356e-03 -1.455029937232714876e-03
3.322400000000000091e+03 -1.190790000000000078e-02 -1.454728362257999823e-03
3.322480000000000018e+03 -6.610460000000000294e-03 -1.454317911628456861e-03
3.322550000000000182e+03 0.000000000000000000e+00 -1.453891297238199889e-03
3.322630000000000109e+03 5.064069999999999509e-04 -1.453312905715215724e-03
3.322699999999999818e+03 -2.863010000000000034e-03 -1.452714043875572361e-03
3.322780000000000200e+03 -6.348930000000000025e-03 -1.451905270404521553e-03
3.322849999999999909e+03 -9.083030000000000617e-03 -1.451071100826315571e-03
3.322929999999999836e+03 -1.304450000000000054e-02 -1.449948924744719333e-03
3.323000000000000000e+03 -1.156639999999999925e-02 -1.448795993879081799e-03
3.323079999999999927e+03 -3.180619999999999888e-03 -1.447251065443277192e-03
3.323150000000000091e+03 1.811069999999999911e-03 -1.445669974102104655e-03
3.323230000000000018e+03 -2.940789999999999984e-03 -1.443559636394162269e-03
3.323300000000000182e+03 -5.739250000000000428e-03 -1.441408352096186550e-03
3.323380000000000109e+03 1.681150000000000125e-04 -1.438548302764065335e-03
3.323449999999999818e+03 3.541050000000000014e-03 -1.435644234119179581e-03
3.323530000000000200e+03 3.365429999999999984e-03 -1.431798728688662764e-03
3.323599999999999909e+03 1.724950000000000051e-03 -1.427909497151315116e-03
3.323679999999999836e+03 -6.306880000000000168e-04 -1.422780050446242461e-03
3.323750000000000000e+03 -2.111850000000000185e-03 -1.417612953628543055e-03
3.323829999999999927e+03 -5.610739999999999478e-04 -1.410825576706093137e-03
3.323900000000000091e+03 4.414819999999999856e-03 -1.404015820991630576e-03
3.323980000000000018e+03 6.100689999999999759e-03 -1.395106942049541146e-03
3.324050000000000182e+03 5.465560000000000383e-03 -1.386204833699262876e-03
3.324130000000000109e+03 7.319799999999999571e-03 -1.374606195699685411e-03
3.324199999999999818e+03 8.621669999999999681e-03 -1.363063620984254765e-03
3.324280000000000200e+03 3.962369999999999781e-03 -1.348086627559653408e-03
3.324349999999999909e+03 -9.945749999999999296e-04 -1.333243323777719928e-03
3.324429999999999836e+03 4.446740000000000241e-03 -1.314063517027847915e-03
3.324500000000000000e+03 8.718709999999999308e-03 -1.295133835000668397e-03
3.324579999999999927e+03 6.143469999999999834e-03 -1.270776429218927915e-03
3.324650000000000091e+03 5.759260000000000421e-03 -1.246837507879278335e-03
3.324730000000000018e+03 2.390039999999999960e-03 -1.216165162646006210e-03
3.324800000000000182e+03 -1.888630000000000083e-03 -1.186147666972199068e-03
3.324880000000000109e+03 -5.522119999999999503e-04 -1.147851945889621483e-03
3.324949999999999818e+03 4.810049999999999742e-03 -1.110534743579328146e-03
3.325030000000000200e+03 4.791069999999999704e-03 -1.063132946447190638e-03
3.325099999999999909e+03 0.000000000000000000e+00 -1.017143288463396482e-03
3.325179999999999836e+03 -1.340210000000000099e-03 -9.589825224970294085e-04
3.325250000000000000e+03 -3.883010000000000107e-03 -9.028033969472960872e-04
3.325329999999999927e+03 -4.054269999999999576e-03 -8.320737831821902299e-04
3.325400000000000091e+03 -9.498659999999999482e-04 -7.640600230696789792e-04
3.325480000000000018e+03 -2.121109999999999836e-03 -6.788186303898589976e-04
3.325550000000000182e+03 -6.024869999999999878e-03 -5.972228229123943775e-04
3.325630000000000109e+03 -8.729550000000000851e-03 -4.954288415212623016e-04
3.325699999999999818e+03 -6.643679999999999898e-03 -3.984365160955404949e-04
3.325780000000000200e+03 -2.952269999999999894e-03 -2.779952909447618373e-04
3.325849999999999909e+03 0.000000000000000000e+00 -1.637649013038003105e-04
3.325929999999999836e+03 3.639410000000000041e-03 -2.257146379263286380e-05
3.326000000000000000e+03 4.402119999999999818e-03 1.107345441298149095e-04
3.326079999999999927e+03 7.512109999999999795e-03 2.747774962430181694e-04
3.326150000000000091e+03 1.002229999999999961e-02 4.290042386757022229e-04
3.326230000000000018e+03 4.244839999999999725e-03 6.180516991120608809e-04
3.326300000000000182e+03 -1.894110000000000064e-03 7.951798073020581274e-04
3.326380000000000109e+03 -2.365959999999999851e-03 1.011713628034811244e-03
3.326449999999999818e+03 2.829939999999999973e-03 1.214250423802770706e-03
3.326530000000000200e+03 7.106000000000000337e-03 1.461780827716702667e-03
3.326599999999999909e+03 7.292850000000000027e-03 1.693679789080265556e-03
3.326679999999999836e+03 4.471329999999999923e-03 1.978270018048258055e-03
3.326750000000000000e+03 3.306170000000000202e-03 2.246805669906882727e-03
3.326829999999999927e+03 1.024470000000000068e-02 2.580007625764599039e-03
3.326900000000000091e+03 1.570859999999999965e-02 2.899198543881957666e-03
3.326980000000000018e+03 1.193269999999999921e-02 3.303135654903568887e-03
3.327050000000000182e+03 6.316869999999999603e-03 3.699362449293787814e-03
3.327130000000000109e+03 6.965210000000000325e-03 4.214607757010926589e-03
3.327199999999999818e+03 9.443379999999999483e-03 4.734798362574411598e-03
3.327280000000000200e+03 8.271870000000000611e-03 5.431066943890111923e-03
3.327349999999999909e+03 3.840479999999999849e-03 6.152918666691101907e-03
3.327429999999999836e+03 1.780929999999999905e-04 7.141078769253282957e-03
3.327500000000000000e+03 3.813469999999999794e-03 8.182998020904446931e-03
3.327579999999999927e+03 1.045130000000000017e-02 9.624339799208425986e-03
3.327650000000000091e+03 1.297839999999999931e-02 1.115015574327510653e-02
3.327730000000000018e+03 1.174809999999999917e-02 1.325562430184007608e-02
3.327800000000000182e+03 1.212569999999999967e-02 1.546637895417328316e-02
3.327880000000000109e+03 1.621420000000000153e-02 1.847588609849586117e-02
3.327949999999999818e+03 2.114749999999999963e-02 2.157971767728355389e-02
3.328030000000000200e+03 2.559780000000000041e-02 2.571197723306809652e-02
3.328099999999999909e+03 2.810759999999999995e-02 2.986555419011572426e-02
3.328179999999999836e+03 2.876010000000000025e-02 3.523473000998561533e-02
3.328250000000000000e+03 3.188959999999999712e-02 4.045779540825407417e-02
3.328329999999999927e+03 3.981690000000000229e-02 4.696594281209939131e-02
3.328400000000000091e+03 4.886560000000000209e-02 5.304424204213292054e-02
3.328480000000000018e+03 5.376210000000000017e-02 6.027612245752470704e-02
3.328550000000000182e+03 5.759859999999999980e-02 6.668367954834789058e-02
3.328630000000000109e+03 6.458999999999999464e-02 7.384658752378123192e-02
3.328699999999999818e+03 7.362219999999999875e-02 7.972854268958395885e-02
3.328780000000000200e+03 8.418950000000000045e-02 8.568447058852231291e-02
3.328849999999999909e+03 9.171669999999999823e-02 8.993763643645641404e-02
3.328929999999999836e+03 9.590709999999999513e-02 9.335945460845906929e-02
3.329000000000000000e+03 9.681240000000000678e-02 9.482394032101054693e-02
3.329079999999999927e+03 9.537779999999999869e-02 9.446938362855793192e-02
3.329150000000000091e+03 9.521759999999999946e-02 9.220425001744801674e-02
3.329230000000000018e+03 9.088000000000000245e-02 8.725118713060052433e-02
3.329300000000000182e+03 8.438959999999999517e-02 8.082395922696410107e-02
3.329380000000000109e+03 8.051560000000000661e-02 7.116828987626243330e-02
3.329449999999999818e+03 6.973079999999999556e-02 6.086270548312629897e-02
3.329530000000000200e+03 5.640370000000000106e-02 4.726945843952799070e-02
3.329599999999999909e+03 4.563799999999999801e-02 3.412538680435639460e-02
3.329679999999999836e+03 2.952250000000000013e-02 1.815730299242534693e-02
3.329750000000000000e+03 1.262019999999999982e-02 3.804742805604539087e-03
3.329829999999999927e+03 -7.236320000000000079e-03 -1.247605449836615074e-02
3.329900000000000091e+03 -2.708609999999999837e-02 -2.615611392764865401e-02
3.329980000000000018e+03 -4.314130000000000048e-02 -4.063587920552610283e-02
3.330050000000000182e+03 -6.168880000000000197e-02 -5.192640582740854632e-02
3.330130000000000109e+03 -7.311479999999999368e-02 -6.290258645101035051e-02
3.330199999999999818e+03 -7.460819999999999952e-02 -7.061471000777111429e-02
3.330280000000000200e+03 -7.437850000000000017e-02 -7.713364248115615884e-02
3.330349999999999909e+03 -7.685259999999999314e-02 -8.081324126530343988e-02
3.330429999999999836e+03 -8.031050000000000688e-02 -8.279055600556858852e-02
3.330500000000000000e+03 -8.017739999999999589e-02 -8.271975531870752463e-02
3.330579999999999927e+03 -7.897079999999999378e-02 -8.083095252947267162e-02
3.330650000000000091e+03 -7.631419999999999870e-02 -7.784924089475224462e-02
3.330730000000000018e+03 -6.870660000000000656e-02 -7.325405281223036635e-02
3.330800000000000182e+03 -5.948590000000000128e-02 -6.847818508194923603e-02
3.330880000000000109e+03 -5.401310000000000139e-02 -6.248496668789491060e-02
3.330949999999999818e+03 -5.267360000000000098e-02 -5.702449672270442499e-02
3.331030000000000200e+03 -5.194669999999999843e-02 -5.079862823518101894e-02
3.331099999999999909e+03 -4.608299999999999896e-02 -4.554447866259291045e-02
3.331179999999999836e+03 -3.823030000000000178e-02 -3.992725648132178923e-02
3.331250000000000000e+03 -2.956320000000000128e-02 -3.544946810720676217e-02
3.331329999999999927e+03 -2.253509999999999888e-02 -3.090339503255319642e-02
3.331400000000000091e+03 -2.553240000000000023e-02 -2.745182114757830152e-02
3.331480000000000018e+03 -2.600970000000000018e-02 -2.410659707474177918e-02
3.331550000000000182e+03 -1.889139999999999917e-02 -2.168053349911679140e-02
3.331630000000000109e+03 -1.368849999999999928e-02 -1.943371008487837504e-02
3.331699999999999818e+03 -1.273889999999999918e-02 -1.787862208448642506e-02
3.331780000000000200e+03 -1.581460000000000157e-02 -1.650604139578983054e-02
3.331849999999999909e+03 -1.796210000000000168e-02 -1.560358917814612389e-02
3.331929999999999836e+03 -1.571789999999999993e-02 -1.484933570734171468e-02
3.332000000000000000e+03 -1.392780000000000060e-02 -1.438219644907373987e-02
3.332079999999999927e+03 -1.566079999999999903e-02 -1.401575646403251628e-02
3.332150000000000091e+03 -1.320739999999999935e-02 -1.380329264254342124e-02
3.332230000000000018e+03 -5.945660000000000181e-03 -1.364560851753328537e-02
3.332300000000000182e+03 -4.287759999999999835e-03 -1.355578350440975362e-02
3.332380000000000109e+03 -5.886060000000000250e-03 -1.348310317190236536e-02
3.332449999999999818e+03 -4.649939999999999976e-03 -1.342952289843883304e-02
3.332530000000000200e+03 -4.735879999999999604e-03 -1.336520447151245787e-02
3.332599999999999909e+03 -6.407679999999999799e-03 -1.329744797964095560e-02
3.332679999999999836e+03 -4.622030000000000062e-03 -1.319967506553390568e-02
3.332750000000000000e+03 -4.578459999999999800e-04 -1.309246577254241824e-02
3.332829999999999927e+03 -3.365439999999999925e-03 -1.294258850549233515e-02
3.332900000000000091e+03 -9.748200000000000268e-03 -1.278662290265144066e-02
3.332980000000000018e+03 -9.007100000000000523e-03 -1.258008128245267053e-02
3.333050000000000182e+03 -8.139220000000000829e-03 -1.237535098774729739e-02
3.333130000000000109e+03 -8.579939999999999442e-03 -1.211540648941565948e-02
3.333199999999999818e+03 -6.548909999999999801e-03 -1.186677771414287701e-02
3.333280000000000200e+03 -2.933840000000000059e-03 -1.156049027088441698e-02
3.333349999999999909e+03 5.652289999999999918e-04 -1.127492187047231600e-02
3.333429999999999836e+03 6.844789999999999902e-05 -1.093063170297423406e-02
3.333500000000000000e+03 -1.507010000000000034e-03 -1.061541530745142674e-02
3.333579999999999927e+03 -3.401490000000000069e-03 -1.024110273905353211e-02
3.333650000000000091e+03 -7.815380000000000243e-03 -9.902660547644789521e-03
3.333730000000000018e+03 -1.073889999999999914e-02 -9.504753334414531990e-03
3.333800000000000182e+03 -1.185019999999999997e-02 -9.147700642686024119e-03
3.333880000000000109e+03 -1.015469999999999914e-02 -8.730080621834898982e-03
3.333949999999999818e+03 -4.644930000000000239e-03 -8.356403092151709969e-03
3.334030000000000200e+03 -1.703599999999999993e-03 -7.919508132188066499e-03
3.334099999999999909e+03 -1.565070000000000003e-03 -7.527815461124996027e-03
3.334179999999999836e+03 -1.885390000000000026e-03 -7.067847645117199609e-03
3.334250000000000000e+03 0.000000000000000000e+00 -6.652758078479153667e-03
3.334329999999999927e+03 5.672970000000000269e-03 -6.161109208698408932e-03
3.334400000000000091e+03 8.984650000000000275e-03 -5.712903090823704538e-03
3.334480000000000018e+03 4.517789999999999827e-03 -5.175999506786783250e-03
3.334550000000000182e+03 -1.727379999999999931e-03 -4.680753450610629710e-03
3.334630000000000109e+03 -2.582909999999999894e-03 -4.080594719005590197e-03
3.334699999999999818e+03 -1.846549999999999971e-03 -3.521056459539411137e-03
3.334780000000000200e+03 -9.417270000000000046e-06 -2.836753138423641057e-03
3.334849999999999909e+03 2.189379999999999885e-03 -2.194215098889004852e-03
3.334929999999999836e+03 2.887840000000000025e-03 -1.404786591089333611e-03
3.335000000000000000e+03 4.801950000000000142e-03 -6.621338815672511355e-04
3.335079999999999927e+03 7.608539999999999574e-03 2.493234270497975136e-04
3.335150000000000091e+03 9.786160000000000345e-03 1.103400076796745653e-03
3.335230000000000018e+03 8.732399999999999538e-03 2.144337331779237396e-03
3.335300000000000182e+03 4.618200000000000256e-03 3.110262517919292011e-03
3.335380000000000109e+03 -2.733289999999999982e-04 4.272636951826133331e-03
3.335449999999999818e+03 1.604879999999999935e-03 5.334663966184318221e-03
3.335530000000000200e+03 7.801879999999999753e-03 6.589194640393661317e-03
3.335599999999999909e+03 6.538419999999999649e-03 7.710924866793400154e-03
3.335679999999999836e+03 6.568759999999999877e-03 9.002966030190320129e-03
3.335750000000000000e+03 9.672000000000000042e-03 1.012492844562334210e-02
3.335829999999999927e+03 6.138779999999999931e-03 1.137343720374470873e-02
3.335900000000000091e+03 6.817010000000000083e-03 1.241398669686408045e-02
3.335980000000000018e+03 1.214349999999999978e-02 1.351488765225968523e-02
3.336050000000000182e+03 1.022969999999999956e-02 1.437535530746505107e-02
3.336130000000000109e+03 6.570140000000000355e-03 1.521002713087000503e-02
3.336199999999999818e+03 9.439049999999999177e-03 1.578437603525725472e-02
3.336280000000000200e+03 1.936200000000000074e-02 1.623303253368627366e-02
3.336349999999999909e+03 2.343430000000000166e-02 1.642131913735103005e-02
3.336429999999999836e+03 1.777990000000000126e-02 1.637988640322432521e-02
3.336500000000000000e+03 1.647190000000000112e-02 1.610379018299042467e-02
3.336579999999999927e+03 2.074269999999999933e-02 1.550176101158047721e-02
3.336650000000000091e+03 2.541229999999999878e-02 1.471959222004815514e-02
3.336730000000000018e+03 2.551360000000000086e-02 1.353559222926685630e-02
3.336800000000000182e+03 1.661649999999999933e-02 1.225379571053185172e-02
3.336880000000000109e+03 7.530099999999999641e-03 1.052550575487641756e-02
3.336949999999999818e+03 8.186139999999999736e-03 8.803944974297308809e-03
3.337030000000000200e+03 1.455749999999999926e-02 6.629734317338691757e-03
3.337099999999999909e+03 1.527019999999999940e-02 4.579001300619077452e-03
3.337179999999999836e+03 1.027010000000000076e-02 2.110066750795820331e-03
3.337250000000000000e+03 5.411570000000000095e-03 -1.194396607081351681e-04
3.337329999999999927e+03 -1.044180000000000021e-04 -2.695752282399937680e-03
3.337400000000000091e+03 -3.625000000000000184e-03 -4.931539722143307367e-03
3.337480000000000018e+03 -9.053079999999999591e-04 -7.414681757127450368e-03
3.337550000000000182e+03 3.431519999999999970e-03 -9.483752959168170044e-03
3.337630000000000109e+03 8.662150000000000405e-04 -1.168525209744471390e-02
3.337699999999999818e+03 -4.761900000000000334e-03 -1.343578654261494941e-02
3.337780000000000200e+03 -2.671179999999999995e-03 -1.520239911818017410e-02
3.337849999999999909e+03 -3.783270000000000036e-03 -1.652172351251422061e-02
3.337929999999999836e+03 -1.251829999999999957e-02 -1.775247705525272862e-02
3.338000000000000000e+03 -1.790359999999999868e-02 -1.857834876826814502e-02
3.338079999999999927e+03 -1.989430000000000018e-02 -1.923284139697447118e-02
3.338150000000000091e+03 -2.142729999999999982e-02 -1.955652324775964540e-02
3.338230000000000018e+03 -2.147709999999999897e-02 -1.965370694537884808e-02
3.338300000000000182e+03 -1.411259999999999945e-02 -1.951500863206650366e-02
3.338380000000000109e+03 -1.043000000000000003e-02 -1.912357553063491478e-02
3.338449999999999818e+03 -1.678930000000000006e-02 -1.859955257817701157e-02
3.338530000000000200e+03 -1.895350000000000160e-02 -1.782251430983697663e-02
3.338599999999999909e+03 -1.701010000000000022e-02 -1.701250878030091326e-02
3.338679999999999836e+03 -1.585860000000000047e-02 -1.596930850578223357e-02
3.338750000000000000e+03 -1.333720000000000044e-02 -1.497931705664509554e-02
3.338829999999999927e+03 -1.263459999999999930e-02 -1.378876191225472496e-02
3.338900000000000091e+03 -1.099900000000000010e-02 -1.271775428247724944e-02
3.338980000000000018e+03 -7.837669999999999706e-03 -1.148433639163230421e-02
3.339050000000000182e+03 -1.019830000000000042e-02 -1.041431165786348145e-02
3.339130000000000109e+03 -1.157159999999999959e-02 -9.219377156497095618e-03
3.339199999999999818e+03 -7.649259999999999740e-03 -8.209911165255772900e-03
3.339280000000000200e+03 -4.116240000000000177e-03 -7.107962336603129705e-03
3.339349999999999909e+03 -1.594990000000000123e-04 -6.195037899527775643e-03
3.339429999999999836e+03 1.750559999999999963e-03 -5.214486987794648108e-03
3.339500000000000000e+03 -1.033590000000000030e-03 -4.412703742240771040e-03
3.339579999999999927e+03 -3.403340000000000250e-04 -3.559800566731716794e-03
3.339650000000000091e+03 2.295600000000000071e-03 -2.866719389283397396e-03
3.339730000000000018e+03 2.682620000000000143e-03 -2.131183283390549778e-03
3.339800000000000182e+03 5.120030000000000241e-03 -1.532551328382352612e-03
3.339880000000000109e+03 6.160770000000000308e-03 -8.935816884831678918e-04
3.339949999999999818e+03 3.750170000000000153e-03 -3.684164573684444322e-04
3.340030000000000200e+03 0.000000000000000000e+00 1.998926075890740135e-04
3.340099999999999909e+03 -3.509169999999999824e-03 6.750294079553242031e-04
3.340179999999999836e+03 -3.590639999999999978e-03 1.199423652347181724e-03
3.340250000000000000e+03 -1.953019999999999973e-03 1.647270812033697820e-03
3.340329999999999927e+03 -1.988020000000000065e-03 2.152392082979045010e-03
3.340400000000000091e+03 -2.388250000000000182e-03 2.592968795296538443e-03
3.340480000000000018e+03 1.223619999999999916e-03 3.099630154803979885e-03
3.340550000000000182e+03 6.340939999999999771e-03 3.549182244384887445e-03
3.340630000000000109e+03 8.612720000000000792e-03 4.073610986273465753e-03
3.340699999999999818e+03 9.638839999999999214e-03 4.544278319100042082e-03
3.340780000000000200e+03 5.890030000000000092e-03 5.098044754694925837e-03
3.340849999999999909e+03 -2.210170000000000017e-03 5.598021361515635036e-03
3.340929999999999836e+03 -8.866570000000000701e-03 6.188434442247658235e-03
3.341000000000000000e+03 -1.023529999999999926e-02 6.722482564913173642e-03
3.341079999999999927e+03 -5.836570000000000126e-03 7.353371764832883697e-03
3.341150000000000091e+03 -7.216809999999999501e-04 7.923702236956492104e-03
3.341230000000000018e+03 5.052240000000000376e-03 8.596712712736261780e-03
3.341300000000000182e+03 8.528050000000000561e-03 9.204457454848751635e-03
3.341380000000000109e+03 8.731769999999999810e-03 9.921266998404107418e-03
3.341449999999999818e+03 8.031979999999999328e-03 1.056904800644691000e-02
3.341530000000000200e+03 7.985420000000000018e-03 1.133526371853642821e-02
3.341599999999999909e+03 8.583669999999999842e-03 1.203168353015434885e-02
3.341679999999999836e+03 9.593330000000000607e-03 1.286353167774856830e-02
3.341750000000000000e+03 1.497530000000000042e-02 1.363067366408923613e-02
3.341829999999999927e+03 1.789980000000000043e-02 1.456577486936203904e-02
3.341900000000000091e+03 1.944629999999999970e-02 1.545077352216106710e-02
3.341980000000000018e+03 2.314269999999999869e-02 1.656393489806297359e-02
3.342050000000000182e+03 2.180210000000000134e-02 1.765495818229565611e-02
3.342130000000000109e+03 2.094520000000000062e-02 1.907848590586570109e-02
3.342199999999999818e+03 2.441729999999999942e-02 2.052357470958745406e-02
3.342280000000000200e+03 2.285229999999999900e-02 2.246860026724283727e-02
3.342349999999999909e+03 1.785799999999999887e-02 2.449241283471074310e-02
3.342429999999999836e+03 2.120939999999999978e-02 2.726305274432825471e-02
3.342500000000000000e+03 2.999390000000000042e-02 3.017197784438906127e-02
3.342579999999999927e+03 3.520020000000000093e-02 3.415876928735703949e-02
3.342650000000000091e+03 3.898719999999999963e-02 3.832058141449746352e-02
3.342730000000000018e+03 4.300280000000000075e-02 4.395605582292406999e-02
3.342800000000000182e+03 4.668069999999999858e-02 4.973916247854807959e-02
3.342880000000000109e+03 5.567369999999999958e-02 5.740053285711735342e-02
3.342949999999999818e+03 6.879559999999999842e-02 6.506356720338890565e-02
3.343030000000000200e+03 7.868509999999999394e-02 7.491925308384934923e-02
3.343099999999999909e+03 8.578429999999999389e-02 8.445695300600997157e-02
3.343179999999999836e+03 9.451110000000000066e-02 9.627638811520189410e-02
3.343250000000000000e+03 1.083879999999999982e-01 1.072513858120841129e-01
3.343329999999999927e+03 1.253519999999999912e-01 1.202269707750768107e-01
3.343400000000000091e+03 1.395220000000000071e-01 1.316424695708479919e-01
3.343480000000000018e+03 1.508720000000000061e-01 1.442973674860571764e-01
3.343550000000000182e+03 1.607989999999999975e-01 1.545803080874870450e-01
3.343630000000000109e+03 1.709160000000000124e-01 1.648402214757934414e-01
3.343699999999999818e+03 1.815980000000000094e-01 1.719947048362760189e-01
3.343780000000000200e+03 1.893509999999999915e-01 1.774725360968053556e-01
3.343849999999999909e+03 1.894609999999999905e-01 1.794215474807150934e-01
3.343929999999999836e+03 1.836969999999999992e-01 1.778995567115918552e-01
3.344000000000000000e+03 1.766800000000000037e-01 1.729659032735735569e-01
3.344079999999999927e+03 1.665820000000000078e-01 1.629775732910792863e-01
3.344150000000000091e+03 1.507469999999999921e-01 1.503851110939252445e-01
3.344230000000000018e+03 1.294210000000000083e-01 1.317313722875347037e-01
3.344300000000000182e+03 1.093149999999999955e-01 1.119671961931619220e-01
3.344380000000000109e+03 8.735750000000000459e-02 8.598497215463357657e-02
3.344449999999999818e+03 6.029120000000000312e-02 6.087895858695360762e-02
3.344530000000000200e+03 3.364000000000000323e-02 3.033427602663178041e-02
3.344599999999999909e+03 2.101879999999999981e-03 2.789409749149348531e-03
3.344679999999999836e+03 -3.216990000000000127e-02 -2.861793425897888113e-02
3.344750000000000000e+03 -6.358969999999999900e-02 -5.519636138001900866e-02
3.344829999999999927e+03 -9.187770000000000659e-02 -8.359580804181097891e-02
3.344900000000000091e+03 -1.145830000000000043e-01 -1.060168364053268725e-01
3.344980000000000018e+03 -1.354259999999999908e-01 -1.281795784304167463e-01
3.345050000000000182e+03 -1.495299999999999963e-01 -1.441199682373144331e-01
3.345130000000000109e+03 -1.544399999999999940e-01 -1.580844458799398056e-01
3.345199999999999818e+03 -1.627859999999999863e-01 -1.664932275007782736e-01
3.345280000000000200e+03 -1.711840000000000028e-01 -1.718359891593121414e-01
3.345349999999999909e+03 -1.760460000000000080e-01 -1.729948967126114789e-01
3.345429999999999836e+03 -1.785940000000000027e-01 -1.707048125944295169e-01
3.345500000000000000e+03 -1.706060000000000076e-01 -1.659669801308890913e-01
3.345579999999999927e+03 -1.586210000000000120e-01 -1.580095729821315576e-01
3.345650000000000091e+03 -1.479870000000000074e-01 -1.493355519965948452e-01
3.345730000000000018e+03 -1.362619999999999942e-01 -1.380761859704231487e-01
3.345800000000000182e+03 -1.239289999999999975e-01 -1.275278865777298154e-01
3.345880000000000109e+03 -1.080480000000000051e-01 -1.151937077223689071e-01
3.345949999999999818e+03 -9.724739999999999773e-02 -1.045268826893028247e-01
3.346030000000000200e+03 -9.636480000000000046e-02 -9.283657686125883213e-02
3.346099999999999909e+03 -9.051240000000000674e-02 -8.327060100782024410e-02
3.346179999999999836e+03 -7.928709999999999924e-02 -7.328010911114551940e-02
3.346250000000000000e+03 -7.246500000000000163e-02 -6.545205408594312324e-02
3.346329999999999927e+03 -6.434929999999999817e-02 -5.758964501676758219e-02
3.346400000000000091e+03 -5.307169999999999943e-02 -5.164590462717876668e-02
3.346480000000000018e+03 -4.573150000000000132e-02 -4.586578093705361014e-02
3.346550000000000182e+03 -4.259539999999999854e-02 -4.162200443429026758e-02
3.346630000000000109e+03 -4.158409999999999884e-02 -3.759755788511120328e-02
3.346699999999999818e+03 -4.038710000000000216e-02 -3.470386519211828696e-02
3.346780000000000200e+03 -4.008149999999999907e-02 -3.200024715411198262e-02
3.346849999999999909e+03 -4.119500000000000245e-02 -3.007142581564238928e-02
3.346929999999999836e+03 -3.716780000000000084e-02 -2.826639089441667502e-02
3.347000000000000000e+03 -3.478060000000000179e-02 -2.696232453371720170e-02
3.347079999999999927e+03 -3.658920000000000228e-02 -2.571066139497010794e-02
3.347150000000000091e+03 -3.391720000000000151e-02 -2.477129310926685923e-02
3.347230000000000018e+03 -3.014539999999999928e-02 -2.382445301717270661e-02
3.347300000000000182e+03 -2.354830000000000118e-02 -2.307296239320332995e-02
3.347380000000000109e+03 -1.956950000000000009e-02 -2.227112162411807803e-02
3.347449999999999818e+03 -2.302919999999999967e-02 -2.160020447693774409e-02
3.347530000000000200e+03 -2.000230000000000063e-02 -2.085221085239808217e-02
3.347599999999999909e+03 -1.617319999999999869e-02 -2.020493104353387678e-02
3.347679999999999836e+03 -2.157569999999999974e-02 -1.946654464539838633e-02
3.347750000000000000e+03 -2.464739999999999986e-02 -1.881850586191347388e-02
3.347829999999999927e+03 -2.115030000000000035e-02 -1.807419128716490284e-02
3.347900000000000091e+03 -1.824109999999999968e-02 -1.741980594299742668e-02
3.347980000000000018e+03 -1.777429999999999982e-02 -1.666961350144711626e-02
3.348050000000000182e+03 -1.826080000000000064e-02 -1.601275368897042695e-02
3.348130000000000109e+03 -1.696189999999999851e-02 -1.526380250258465958e-02
3.348199999999999818e+03 -1.781479999999999869e-02 -1.461197353211121826e-02
3.348280000000000200e+03 -2.256669999999999857e-02 -1.387331602957734937e-02
3.348349999999999909e+03 -2.263580000000000106e-02 -1.323423082531809646e-02
3.348429999999999836e+03 -1.951589999999999922e-02 -1.251387734042728149e-02
3.348500000000000000e+03 -1.648669999999999997e-02 -1.189347618555365409e-02
3.348579999999999927e+03 -1.496040000000000043e-02 -1.119665129457129635e-02
3.348650000000000091e+03 -1.562509999999999941e-02 -1.059790506006277194e-02
3.348730000000000018e+03 -1.422350000000000003e-02 -9.925944158928994010e-03
3.348800000000000182e+03 -1.242839999999999917e-02 -9.348054940026774909e-03
3.348880000000000109e+03 -1.272799999999999973e-02 -8.697631842905837948e-03
3.348949999999999818e+03 -1.360719999999999985e-02 -8.135460929672004918e-03
3.349030000000000200e+03 -1.242850000000000031e-02 -7.498051081065279858e-03
3.349099999999999909e+03 -1.073720000000000056e-02 -6.941766232813144019e-03
3.349179999999999836e+03 -7.715969999999999947e-03 -6.303411547720610270e-03
3.349250000000000000e+03 -3.084439999999999925e-03 -5.738469103647706251e-03
3.349329999999999927e+03 -2.070450000000000155e-03 -5.080033230306405315e-03
3.349400000000000091e+03 -1.982349999999999911e-03 -4.487701426584892600e-03
3.349480000000000018e+03 -8.459939999999999778e-04 -3.785886147126629481e-03
3.349550000000000182e+03 -4.704730000000000066e-04 -3.144564288029361512e-03
3.349630000000000109e+03 3.555829999999999842e-03 -2.373979455319397223e-03
3.349699999999999818e+03 6.303890000000000361e-03 -1.661550765972161486e-03
3.349780000000000200e+03 7.080279999999999777e-04 -7.980621530105556048e-04
3.349849999999999909e+03 -5.773699999999999666e-03 4.589969390526339732e-06
3.349929999999999836e+03 -5.750240000000000212e-03 9.791946762538433595e-04
3.350000000000000000e+03 0.000000000000000000e+00 1.883593054220966505e-03
3.350079999999999927e+03 4.211010000000000274e-03 2.975886574895815050e-03
3.350150000000000091e+03 2.659910000000000139e-03 3.980689959138613079e-03
3.350230000000000018e+03 9.461629999999999737e-04 5.179501517215837417e-03
3.350300000000000182e+03 3.264550000000000177e-03 6.265325446097539525e-03
3.350380000000000109e+03 4.405400000000000288e-03 7.536330638939409132e-03
3.350449999999999818e+03 5.680489999999999845e-03 8.661759697804095534e-03
3.350530000000000200e+03 9.838200000000000070e-03 9.944154807328945203e-03
3.350599999999999909e+03 1.404919999999999954e-02 1.104422747879308699e-02
3.350679999999999836e+03 1.676019999999999940e-02 1.225094667220735269e-02
3.350750000000000000e+03 1.389759999999999954e-02 1.323930574055651524e-02
3.350829999999999927e+03 1.091710000000000076e-02 1.426194676474565499e-02
3.350900000000000091e+03 1.494290000000000028e-02 1.503741340283116547e-02
3.350980000000000018e+03 2.240179999999999949e-02 1.575633731392895795e-02
3.351050000000000182e+03 2.161439999999999889e-02 1.621389070935438936e-02
3.351130000000000109e+03 1.425399999999999931e-02 1.651292042983210431e-02
3.351199999999999818e+03 1.478469999999999958e-02 1.655806165821527981e-02
3.351280000000000200e+03 1.416350000000000074e-02 1.634201678740712996e-02
3.351349999999999909e+03 9.898080000000000073e-03 1.590648475342257631e-02
3.351429999999999836e+03 1.150319999999999988e-02 1.511874984220689354e-02
3.351500000000000000e+03 1.220500000000000057e-02 1.417481788101551156e-02
3.351579999999999927e+03 1.209589999999999971e-02 1.281157011049210287e-02
3.351650000000000091e+03 1.252589999999999953e-02 1.138194630972352850e-02
3.351730000000000018e+03 1.017760000000000019e-02 9.499816649427322152e-03
3.351800000000000182e+03 8.403479999999999631e-03 7.660654397744957878e-03
3.351880000000000109e+03 7.922260000000000413e-03 5.375547358854875987e-03
3.351949999999999818e+03 4.968300000000000147e-03 3.251223666142859323e-03
3.352030000000000200e+03 -1.064870000000000096e-03 7.276359780568879970e-04
3.352099999999999909e+03 -3.853619999999999875e-03 -1.522445068686145838e-03
3.352179999999999836e+03 -2.724020000000000174e-03 -4.090335664556434686e-03
3.352250000000000000e+03 -2.932280000000000216e-03 -6.290980913086392790e-03
3.352329999999999927e+03 -6.251740000000000422e-03 -8.703412226299741747e-03
3.352400000000000091e+03 -1.368579999999999970e-02 -1.068565924102828947e-02
3.352480000000000018e+03 -1.646150000000000044e-02 -1.276236884335441024e-02
3.352550000000000182e+03 -1.298020000000000077e-02 -1.438440386774119360e-02
3.352630000000000109e+03 -1.445650000000000060e-02 -1.598628089245306486e-02
3.352699999999999818e+03 -2.010299999999999934e-02 -1.714961942984846721e-02
3.352780000000000200e+03 -2.598889999999999881e-02 -1.819327301793590909e-02
3.352849999999999909e+03 -3.027149999999999980e-02 -1.885161977986085299e-02
3.352929999999999836e+03 -2.763300000000000131e-02 -1.931476504382645398e-02
3.353000000000000000e+03 -2.374470000000000053e-02 -1.947454344176387936e-02
3.353079999999999927e+03 -2.576989999999999836e-02 -1.939202854456194280e-02
3.353150000000000091e+03 -2.726069999999999882e-02 -1.910525505432770707e-02
3.353230000000000018e+03 -2.612710000000000032e-02 -1.855735991399005969e-02
3.353300000000000182e+03 -2.167550000000000032e-02 -1.790892466915360026e-02
3.353380000000000109e+03 -1.532060000000000019e-02 -1.700483533255654420e-02
3.353449999999999818e+03 -1.170009999999999974e-02 -1.609704163762696455e-02
3.353530000000000200e+03 -1.007339999999999972e-02 -1.495690757524830751e-02
3.353599999999999909e+03 -1.252250000000000064e-02 -1.389421039434448821e-02
3.353679999999999836e+03 -1.654920000000000002e-02 -1.263291392874393848e-02
3.353750000000000000e+03 -1.374709999999999994e-02 -1.150926473572758645e-02
3.353829999999999927e+03 -7.062350000000000225e-03 -1.022415982807091221e-02
3.353900000000000091e+03 -5.925689999999999950e-03 -9.114438249932780081e-03
3.353980000000000018e+03 -7.879360000000000183e-03 -7.878153243867385205e-03
3.354050000000000182e+03 -6.931370000000000066e-03 -6.834127363694280158e-03
3.354130000000000109e+03 -5.512350000000000062e-03 -5.692390145113787603e-03
3.354199999999999818e+03 -5.883669999999999699e-03 -4.742750524911298893e-03
3.354280000000000200e+03 -7.337259999999999963e-03 -3.716328956605957721e-03
3.354349999999999909e+03 -1.052480000000000082e-02 -2.869749791802167233e-03
3.354429999999999836e+03 -9.871400000000000660e-03 -1.959128293579224384e-03
3.354500000000000000e+03 -3.828610000000000086e-03 -1.209074114435534485e-03
3.354579999999999927e+03 0.000000000000000000e+00 -4.004080190374440310e-04
3.354650000000000091e+03 2.246870000000000204e-03 2.695198347519602283e-04
3.354730000000000018e+03 4.914049999999999668e-03 9.984096073467124341e-04
3.354800000000000182e+03 4.029330000000000238e-03 1.609511388016216914e-03
3.354880000000000109e+03 -1.766969999999999923e-04 2.283955285446901632e-03
3.354949999999999818e+03 -1.856639999999999896e-03 2.858415923643833293e-03
3.355030000000000200e+03 7.552919999999999643e-04 3.502958196865412020e-03
3.355099999999999909e+03 4.495159999999999781e-03 4.060988973703582791e-03
3.355179999999999836e+03 5.252739999999999666e-03 4.696775818988042570e-03
3.355250000000000000e+03 3.965210000000000262e-03 5.254866232160258430e-03
3.355329999999999927e+03 4.310900000000000322e-03 5.898200838741386384e-03
3.355400000000000091e+03 4.793419999999999626e-03 6.468277733574929675e-03
3.355480000000000018e+03 7.009940000000000095e-03 7.130066870296929149e-03
3.355550000000000182e+03 8.301390000000000505e-03 7.719303963291880566e-03
3.355630000000000109e+03 9.106750000000000261e-03 8.405106809905546136e-03
3.355699999999999818e+03 1.072810000000000083e-02 9.016150662395132354e-03
3.355780000000000200e+03 8.027219999999999842e-03 9.726599263675370435e-03
3.355849999999999909e+03 8.620509999999999631e-03 1.035805200483679023e-02
3.355929999999999836e+03 1.406239999999999921e-02 1.108951891694524503e-02
3.356000000000000000e+03 1.960639999999999952e-02 1.173662739047437974e-02
3.356079999999999927e+03 2.154760000000000009e-02 1.248215963322082955e-02
3.356150000000000091e+03 1.416270000000000029e-02 1.313780417681036095e-02
3.356230000000000018e+03 8.501399999999999235e-03 1.388853104919387203e-02
3.356300000000000182e+03 9.771480000000000790e-03 1.454479747095802251e-02
3.356380000000000109e+03 9.444460000000000008e-03 1.529227090960476147e-02
3.356449999999999818e+03 1.191249999999999948e-02 1.594313996227829378e-02
3.356530000000000200e+03 1.667549999999999935e-02 1.668338462611779552e-02
3.356599999999999909e+03 1.816159999999999997e-02 1.732936945060608441e-02
3.356679999999999836e+03 1.592860000000000109e-02 1.806975228790875035e-02
3.356750000000000000e+03 1.372540000000000045e-02 1.872556349562504510e-02
3.356829999999999927e+03 1.550780000000000040e-02 1.949576364830310146e-02
3.356900000000000091e+03 1.920629999999999907e-02 2.020205585871068590e-02
3.356980000000000018e+03 2.101400000000000143e-02 2.107006955691128475e-02
3.357050000000000182e+03 1.568390000000000062e-02 2.190962857453911117e-02
3.357130000000000109e+03 1.281200000000000047e-02 2.300235469841215366e-02
3.357199999999999818e+03 2.075650000000000064e-02 2.411923109616323849e-02
3.357280000000000200e+03 2.718090000000000089e-02 2.564422957839953762e-02
3.357349999999999909e+03 2.852990000000000040e-02 2.726097764900897377e-02
3.357429999999999836e+03 3.002360000000000098e-02 2.952136849247135458e-02
3.357500000000000000e+03 3.195130000000000192e-02 3.194499076664918807e-02
3.357579999999999927e+03 3.891189999999999927e-02 3.533407887650837076e-02
3.357650000000000091e+03 4.473150000000000043e-02 3.893693897763175066e-02
3.357730000000000018e+03 4.466559999999999975e-02 4.389545388633529777e-02
3.357800000000000182e+03 5.185479999999999950e-02 4.905613377035916017e-02
3.357880000000000109e+03 6.580650000000000388e-02 5.597682707663561436e-02
3.357949999999999818e+03 7.551220000000000154e-02 6.297132354456287662e-02
3.358030000000000200e+03 7.821379999999999999e-02 7.204704665651780193e-02
3.358099999999999909e+03 8.260420000000000262e-02 8.089555992834730758e-02
3.358179999999999836e+03 9.544550000000000256e-02 9.192933041820752771e-02
3.358250000000000000e+03 1.052669999999999995e-01 1.022273741899526606e-01
3.358329999999999927e+03 1.116660000000000014e-01 1.144522848101105633e-01
3.358400000000000091e+03 1.245379999999999959e-01 1.252403316802885858e-01
3.358480000000000018e+03 1.417150000000000076e-01 1.372224095361655738e-01
3.358550000000000182e+03 1.558080000000000020e-01 1.469635260607511928e-01
3.358630000000000109e+03 1.616910000000000014e-01 1.566660591477023468e-01
3.358699999999999818e+03 1.659130000000000049e-01 1.633921792244062698e-01
3.358780000000000200e+03 1.715550000000000130e-01 1.684520695969897452e-01
3.358849999999999909e+03 1.743530000000000080e-01 1.700989195799656462e-01
3.358929999999999836e+03 1.759660000000000113e-01 1.683023723421618600e-01
3.359000000000000000e+03 1.691469999999999918e-01 1.631865136548570905e-01
3.359079999999999927e+03 1.506830000000000114e-01 1.530491125673974773e-01
3.359150000000000091e+03 1.364940000000000042e-01 1.403703126910970100e-01
3.359230000000000018e+03 1.259550000000000114e-01 1.216578378500050017e-01
3.359300000000000182e+03 1.043110000000000009e-01 1.018680464680616349e-01
3.359380000000000109e+03 7.278439999999999910e-02 7.587547536942187976e-02
3.359449999999999818e+03 4.044699999999999684e-02 5.076922719451684718e-02
3.359530000000000200e+03 1.458850000000000077e-02 2.022718241807249309e-02
3.359599999999999909e+03 -7.730100000000000166e-03 -7.316588513622991966e-03
3.359679999999999836e+03 -3.645749999999999685e-02 -3.872547397659598101e-02
3.359750000000000000e+03 -6.757080000000000031e-02 -6.530619324604414189e-02
3.359829999999999927e+03 -9.528939999999999633e-02 -9.370450198233909456e-02
3.359900000000000091e+03 -1.186419999999999975e-01 -1.161149988330448801e-01
3.359980000000000018e+03 -1.367470000000000074e-01 -1.382453608051469052e-01
3.360050000000000182e+03 -1.528120000000000034e-01 -1.541307141100086431e-01
3.360130000000000109e+03 -1.625109999999999888e-01 -1.679908411553241443e-01
3.360199999999999818e+03 -1.677700000000000025e-01 -1.762633807190161495e-01
3.360280000000000200e+03 -1.748790000000000067e-01 -1.813901333672924276e-01
3.360349999999999909e+03 -1.761890000000000123e-01 -1.823015082388244612e-01
3.360429999999999836e+03 -1.704690000000000094e-01 -1.796573234669588404e-01
3.360500000000000000e+03 -1.661640000000000061e-01 -1.745460974837615420e-01
3.360579999999999927e+03 -1.594889999999999919e-01 -1.660907052444297594e-01
3.360650000000000091e+03 -1.448909999999999920e-01 -1.569220462781432679e-01
3.360730000000000018e+03 -1.334919999999999995e-01 -1.450365769532550309e-01
3.360800000000000182e+03 -1.273579999999999990e-01 -1.338943217337056901e-01
3.360880000000000109e+03 -1.155329999999999968e-01 -1.208385207328017269e-01
3.360949999999999818e+03 -1.060299999999999992e-01 -1.095118193256016809e-01
3.361030000000000200e+03 -9.866400000000000170e-02 -9.704593784128241751e-02
3.361099999999999909e+03 -8.652219999999999356e-02 -8.679174225429432676e-02
3.361179999999999836e+03 -8.078290000000000470e-02 -7.601414694369441893e-02
3.361250000000000000e+03 -7.399469999999999659e-02 -6.750486628487564755e-02
3.361329999999999927e+03 -6.440590000000000204e-02 -5.888095104338562230e-02
3.361400000000000091e+03 -6.124620000000000064e-02 -5.229191127293995184e-02
3.361480000000000018e+03 -5.655330000000000079e-02 -4.580441514267398484e-02
3.361550000000000182e+03 -5.199959999999999999e-02 -4.097214864485990843e-02
3.361630000000000109e+03 -4.966729999999999756e-02 -3.631377096641103669e-02
3.361699999999999818e+03 -4.429559999999999748e-02 -3.290155551912028742e-02
3.361780000000000200e+03 -3.904429999999999706e-02 -2.964863902920115632e-02
3.361849999999999909e+03 -3.903149999999999675e-02 -2.727809571144012776e-02
3.361929999999999836e+03 -3.857030000000000181e-02 -2.501332021091126623e-02
3.362000000000000000e+03 -3.391410000000000258e-02 -2.334651321035348739e-02
3.362079999999999927e+03 -3.120090000000000016e-02 -2.172514874707052665e-02
3.362150000000000091e+03 -2.888059999999999933e-02 -2.050098474475652716e-02
3.362230000000000018e+03 -2.352450000000000027e-02 -1.927192759940493660e-02
3.362300000000000182e+03 -1.587809999999999916e-02 -1.831034707947077136e-02
3.362380000000000109e+03 -1.237790000000000071e-02 -1.730910529487827629e-02
3.362449999999999818e+03 -1.215660000000000004e-02 -1.649798853786574662e-02
3.362530000000000200e+03 -1.236010000000000060e-02 -1.562717576991361559e-02
3.362599999999999909e+03 -1.614760000000000154e-02 -1.490356062341397295e-02
3.362679999999999836e+03 -1.807500000000000079e-02 -1.411146409967921345e-02
3.362750000000000000e+03 -2.006869999999999835e-02 -1.344395126548756508e-02
3.362829999999999927e+03 -2.073590000000000155e-02 -1.270655494133565017e-02
3.362900000000000091e+03 -1.330600000000000012e-02 -1.208176138907512097e-02
3.362980000000000018e+03 -5.526370000000000067e-03 -1.138982766121614601e-02
3.363050000000000182e+03 -5.739840000000000393e-03 -1.080320731960883983e-02
3.363130000000000109e+03 -9.730499999999999566e-03 -1.015394754010232742e-02
3.363199999999999818e+03 -1.193160000000000054e-02 -9.604121018999390788e-03
3.363280000000000200e+03 -1.090819999999999984e-02 -8.996226297235192584e-03
3.363349999999999909e+03 -9.867330000000000545e-03 -8.481687881151878800e-03
3.363429999999999836e+03 -1.255279999999999938e-02 -7.912489528198307989e-03
3.363500000000000000e+03 -1.276300000000000004e-02 -7.429733551487467669e-03
3.363579999999999927e+03 -1.448789999999999974e-02 -6.893572536221094157e-03
3.363650000000000091e+03 -2.008530000000000038e-02 -6.435995612600624652e-03
3.363730000000000018e+03 -1.827880000000000130e-02 -5.923245638356578260e-03
3.363800000000000182e+03 -1.071539999999999992e-02 -5.480484270479452080e-03
3.363880000000000109e+03 -6.180950000000000159e-03 -4.976987134177067451e-03
3.363949999999999818e+03 -5.399929999999999834e-03 -4.534592531176754107e-03
3.364030000000000200e+03 -6.237910000000000156e-03 -4.021503810319600539e-03
3.364099999999999909e+03 -6.418659999999999644e-03 -3.561033627514074897e-03
3.364179999999999836e+03 -4.286930000000000428e-03 -3.015245388000960085e-03
3.364250000000000000e+03 -7.871470000000000203e-03 -2.514969476010739651e-03
3.364329999999999927e+03 -1.074469999999999939e-02 -1.910374604852778380e-03
3.364400000000000091e+03 -6.306250000000000223e-03 -1.346842768615144625e-03
3.364480000000000018e+03 -6.577910000000000180e-03 -6.567187765413120843e-04
3.364550000000000182e+03 -5.993059999999999707e-03 -7.405692059681522055e-06
3.364630000000000109e+03 -1.202130000000000039e-03 7.918985381516387839e-04
3.364699999999999818e+03 -3.362379999999999883e-03 1.544792465629015940e-03
3.364780000000000200e+03 -6.790140000000000065e-03 2.468903296153431796e-03
3.364849999999999909e+03 -3.322499999999999933e-03 3.333663672505113394e-03
3.364929999999999836e+03 0.000000000000000000e+00 4.384338706239531910e-03
3.365000000000000000e+03 3.395790000000000093e-04 5.354467662463871860e-03
3.365079999999999927e+03 5.751890000000000388e-04 6.513651723522063952e-03
3.365150000000000091e+03 5.571070000000000015e-03 7.562991577852623201e-03
3.365230000000000018e+03 1.127470000000000035e-02 8.787961207926249518e-03
3.365300000000000182e+03 7.888479999999999798e-03 9.867385831728322718e-03
3.365380000000000109e+03 1.978220000000000152e-03 1.108842311826013435e-02
3.365449999999999818e+03 2.746660000000000160e-03 1.212538278629958846e-02
3.365530000000000200e+03 7.261280000000000165e-03 1.324738830199438146e-02
3.365599999999999909e+03 1.039089999999999979e-02 1.414940585831914698e-02
3.365679999999999836e+03 1.288070000000000014e-02 1.505844471511367556e-02
3.365750000000000000e+03 1.404840000000000082e-02 1.572111733926808211e-02
3.365829999999999927e+03 1.440699999999999967e-02 1.629607614106832331e-02
3.365900000000000091e+03 1.534759999999999944e-02 1.661527469207307525e-02
3.365980000000000018e+03 2.036529999999999938e-02 1.674369611552773557e-02
3.366050000000000182e+03 2.606699999999999989e-02 1.663062167480412745e-02
3.366130000000000109e+03 2.123529999999999862e-02 1.622660706479817083e-02
3.366199999999999818e+03 1.048430000000000022e-02 1.562340590084971940e-02
3.366280000000000200e+03 7.275720000000000277e-03 1.464454630424838304e-02
3.366349999999999909e+03 8.876830000000000484e-03 1.353758347097836108e-02
3.366429999999999836e+03 9.117890000000000023e-03 1.199750708968968550e-02
3.366500000000000000e+03 1.450180000000000045e-02 1.042539398824585996e-02
3.366579999999999927e+03 1.493389999999999995e-02 8.398911674422226623e-03
3.366650000000000091e+03 2.697789999999999824e-03 6.453081256359216242e-03
3.366730000000000018e+03 -3.988219999999999786e-03 4.072090302621761415e-03
3.366800000000000182e+03 2.356309999999999915e-03 1.889032978418545960e-03
3.366880000000000109e+03 7.309290000000000405e-03 -6.709043873160637148e-04
3.366949999999999818e+03 1.877179999999999994e-03 -2.924963911535289132e-03
3.367030000000000200e+03 -5.585269999999999818e-03 -5.465515729398047820e-03
3.367099999999999909e+03 -6.254290000000000023e-03 -7.615106954810827583e-03
3.367179999999999836e+03 -4.658680000000000113e-03 -9.940060152051882064e-03
3.367250000000000000e+03 -8.417199999999999682e-03 -1.182258415027465960e-02
3.367329999999999927e+03 -1.401260000000000006e-02 -1.376235429299511176e-02
3.367400000000000091e+03 -1.752679999999999863e-02 -1.524792800528018341e-02
3.367480000000000018e+03 -1.650249999999999981e-02 -1.667940427277551582e-02
3.367550000000000182e+03 -1.281580000000000046e-02 -1.768504127240536766e-02
3.367630000000000109e+03 -1.628430000000000155e-02 -1.854352193861654938e-02
3.367699999999999818e+03 -2.177779999999999994e-02 -1.903950836728048740e-02
3.367780000000000200e+03 -1.951960000000000153e-02 -1.932119681471990841e-02
3.367849999999999909e+03 -1.869470000000000159e-02 -1.932917457342360132e-02
3.367929999999999836e+03 -2.244610000000000008e-02 -1.908464420945343853e-02
3.368000000000000000e+03 -2.166420000000000151e-02 -1.866854747735673115e-02
3.368079999999999927e+03 -2.037169999999999953e-02 -1.798926556715895256e-02
3.368150000000000091e+03 -1.950369999999999882e-02 -1.724148475289027579e-02
3.368230000000000018e+03 -1.808049999999999935e-02 -1.624253840418644207e-02
3.368300000000000182e+03 -2.229839999999999947e-02 -1.526826420463632365e-02
3.368380000000000109e+03 -2.765839999999999965e-02 -1.407068716724149682e-02
3.368449999999999818e+03 -2.479949999999999863e-02 -1.297326841648265353e-02
3.368530000000000200e+03 -1.597550000000000012e-02 -1.168888051999054066e-02
3.368599999999999909e+03 -1.005670000000000001e-02 -1.055834772841726318e-02
3.368679999999999836e+03 -7.979969999999999425e-03 -9.279022735247543022e-03
3.368750000000000000e+03 -1.007790000000000075e-02 -8.184937462876268333e-03
3.368829999999999927e+03 -9.827650000000000274e-03 -6.977028175742683996e-03
3.368900000000000091e+03 -5.940589999999999933e-03 -5.965798824173505072e-03
3.368980000000000018e+03 -9.058780000000000651e-03 -4.869373091725226130e-03
3.369050000000000182e+03 -1.342169999999999995e-02 -3.965361100489049086e-03
3.369130000000000109e+03 -1.216040000000000003e-02 -2.997149127788233287e-03
3.369199999999999818e+03 -7.401050000000000163e-03 -2.206405757471400098e-03
3.369280000000000200e+03 -3.812649999999999893e-03 -1.365011621237810502e-03
3.369349999999999909e+03 -6.837160000000000112e-03 -6.803534674927214781e-04
3.369429999999999836e+03 -8.703449999999999728e-03 4.769134231918503025e-05
3.369500000000000000e+03 -5.144690000000000374e-03 6.414087706441392103e-04
3.369579999999999927e+03 -2.981650000000000186e-03 1.275885599789503260e-03
3.369650000000000091e+03 -1.896230000000000051e-03 1.797117258032124732e-03
3.369730000000000018e+03 -9.877029999999999317e-04 2.359381127389815515e-03
3.369800000000000182e+03 -3.279929999999999912e-03 2.826316468405409236e-03
3.369880000000000109e+03 -4.562599999999999989e-03 3.335896320533064587e-03
3.369949999999999818e+03 -8.961610000000000279e-04 3.764082860458586085e-03
3.370030000000000200e+03 3.988039999999999988e-03 4.236616052720007519e-03
3.370099999999999909e+03 4.155589999999999805e-03 4.637674733956350173e-03
3.370179999999999836e+03 0.000000000000000000e+00 5.083966417266582924e-03
3.370250000000000000e+03 -2.434239999999999841e-03 5.465165366841202507e-03
3.370329999999999927e+03 -2.207390000000000047e-03 5.891075692787841808e-03
3.370400000000000091e+03 7.232809999999999890e-04 6.255495216280838530e-03
3.370480000000000018e+03 2.980329999999999785e-03 6.662359362851829822e-03
3.370550000000000182e+03 4.845000000000000348e-03 7.009410902718419753e-03
3.370630000000000109e+03 5.147330000000000308e-03 7.394754686683725417e-03
3.370699999999999818e+03 1.700569999999999990e-03 7.720881470225754786e-03
3.370780000000000200e+03 2.499490000000000045e-03 8.079280194887919486e-03
3.370849999999999909e+03 4.983089999999999915e-03 8.378747437086804875e-03
3.370929999999999836e+03 5.149830000000000206e-03 8.702771839171740548e-03
3.371000000000000000e+03 5.764080000000000419e-03 8.968542517519927440e-03
3.371079999999999927e+03 7.128800000000000241e-03 9.249842657037590440e-03
3.371150000000000091e+03 6.675740000000000320e-03 9.474636574088675725e-03
3.371230000000000018e+03 -4.991540000000000256e-04 9.705343956685279563e-03
3.371300000000000182e+03 -5.210339999999999937e-03 9.883105883777831835e-03
3.371380000000000109e+03 -1.732370000000000004e-03 1.005789985134032324e-02
3.371449999999999818e+03 -3.290100000000000229e-04 1.018606389176491232e-02
3.371530000000000200e+03 -6.176299999999999802e-04 1.030544509890970843e-02
3.371599999999999909e+03 3.834409999999999902e-03 1.038855335942656145e-02
3.371679999999999836e+03 9.235159999999999203e-03 1.046403557288818308e-02
3.371750000000000000e+03 6.549550000000000337e-03 1.051936006934049185e-02
3.371829999999999927e+03 5.322919999999999648e-04 1.058127559425471598e-02
3.371900000000000091e+03 2.188939999999999896e-03 1.064691403639256642e-02
3.371980000000000018e+03 3.346580000000000041e-03 1.075505187390810025e-02
3.372050000000000182e+03 2.577330000000000072e-04 1.090023612100670877e-02
3.372130000000000109e+03 3.517199999999999840e-03 1.115624808703201756e-02
3.372199999999999818e+03 6.778499999999999803e-03 1.149203392006568555e-02
3.372280000000000200e+03 3.593770000000000037e-03 1.205021700672263482e-02
3.372349999999999909e+03 2.922310000000000012e-03 1.273626227935717621e-02
3.372429999999999836e+03 4.718830000000000247e-03 1.380617251399947343e-02
3.372500000000000000e+03 3.331680000000000058e-03 1.504647920644050681e-02
3.372579999999999927e+03 5.866439999999999676e-03 1.687791800082408603e-02
3.372650000000000091e+03 1.024890000000000002e-02 1.889659588218822739e-02
3.372730000000000018e+03 7.352059999999999672e-03 2.173691360802974121e-02
3.372800000000000182e+03 8.115360000000000282e-03 2.472637877349635749e-02
3.372880000000000109e+03 1.660930000000000045e-02 2.874438918294020331e-02
3.372949999999999818e+03 2.438239999999999852e-02 3.278508242218954039e-02
3.373030000000000200e+03 3.127900000000000125e-02 3.796698580710206744e-02
3.373099999999999909e+03 3.959410000000000013e-02 4.293026731260878720e-02
3.373179999999999836e+03 5.034559999999999730e-02 4.896983992279507064e-02
3.373250000000000000e+03 5.772499999999999853e-02 5.443149674903870194e-02
3.373329999999999927e+03 5.559680000000000177e-02 6.065404658275441729e-02
3.373400000000000091e+03 5.489549999999999985e-02 6.585820402995332112e-02
3.373480000000000018e+03 6.325709999999999666e-02 7.122611513222998347e-02
3.373550000000000182e+03 6.902679999999999927e-02 7.513938989168673921e-02
3.373630000000000109e+03 7.350310000000000177e-02 7.837678224142008432e-02
3.373699999999999818e+03 8.114830000000000654e-02 7.985348735099573325e-02
3.373780000000000200e+03 8.507610000000000172e-02 7.969448458483466280e-02
3.373849999999999909e+03 8.526050000000000295e-02 7.773636535925808333e-02
3.373929999999999836e+03 7.609180000000000110e-02 7.325254786110819982e-02
3.374000000000000000e+03 6.103879999999999723e-02 6.730231718424267706e-02
3.374079999999999927e+03 5.003980000000000233e-02 5.821868169534739207e-02
3.374150000000000091e+03 4.192529999999999868e-02 4.839512094336726605e-02
3.374230000000000018e+03 3.285319999999999907e-02 3.528390883415528922e-02
3.374300000000000182e+03 1.882709999999999939e-02 2.246660385045000374e-02
3.374380000000000109e+03 9.262839999999999616e-03 6.731332362225008262e-03
3.374449999999999818e+03 3.408089999999999904e-03 -7.557300128154248800e-03
3.374530000000000200e+03 -1.241289999999999928e-02 -2.393104941324593685e-02
3.374599999999999909e+03 -3.123400000000000135e-02 -3.783102643706526963e-02
3.374679999999999836e+03 -4.667580000000000340e-02 -5.269896302002687050e-02
3.374750000000000000e+03 -5.996420000000000222e-02 -6.442094375769574777e-02
3.374829999999999927e+03 -7.262079999999999924e-02 -7.595267728482751890e-02
3.374900000000000091e+03 -8.599980000000000124e-02 -8.416520041821574927e-02
3.374980000000000018e+03 -9.424670000000000269e-02 -9.122209903405820164e-02
3.375050000000000182e+03 -9.294800000000000284e-02 -9.530203244917974381e-02
3.375130000000000109e+03 -8.719949999999999923e-02 -9.761280695695394305e-02
3.375199999999999818e+03 -8.576200000000000490e-02 -9.769517679376514552e-02
3.375280000000000200e+03 -8.810389999999999888e-02 -9.579680956010225290e-02
3.375349999999999909e+03 -8.786679999999999491e-02 -9.263223566138048537e-02
3.375429999999999836e+03 -8.041460000000000274e-02 -8.762404921075558906e-02
3.375500000000000000e+03 -6.989270000000000205e-02 -8.231301651091088578e-02
3.375579999999999927e+03 -6.126550000000000051e-02 -7.552408987293394993e-02
3.375650000000000091e+03 -5.354319999999999913e-02 -6.922441158151010354e-02
3.375730000000000018e+03 -5.199499999999999955e-02 -6.190274703901966352e-02
3.375800000000000182e+03 -5.632689999999999919e-02 -5.559498169210957963e-02
3.375880000000000109e+03 -5.477250000000000174e-02 -4.869591245421920483e-02
3.375949999999999818e+03 -4.409489999999999937e-02 -4.305353327968178961e-02
3.376030000000000200e+03 -3.612390000000000045e-02 -3.715518856351939653e-02
3.376099999999999909e+03 -3.452779999999999738e-02 -3.252244550799770345e-02
3.376179999999999836e+03 -3.394490000000000007e-02 -2.785079004521926957e-02
3.376250000000000000e+03 -3.632719999999999699e-02 -2.429907796961487329e-02
3.376329999999999927e+03 -3.724689999999999945e-02 -2.081922699504418564e-02
3.376400000000000091e+03 -3.493700000000000278e-02 -1.824030261094270605e-02
3.376480000000000018e+03 -3.043639999999999887e-02 -1.576739698567189776e-02
3.376550000000000182e+03 -2.317920000000000050e-02 -1.396676989850259912e-02
3.376630000000000109e+03 -1.765689999999999968e-02 -1.226204869022046520e-02
3.376699999999999818e+03 -1.141200000000000027e-02 -1.103025776659856405e-02
3.376780000000000200e+03 -4.641929999999999841e-03 -9.865943316213333578e-03
3.376849999999999909e+03 -3.911760000000000237e-03 -9.020704087616121872e-03
3.376929999999999836e+03 -5.695480000000000161e-03 -8.212658896070626838e-03
3.377000000000000000e+03 -3.747129999999999992e-03 -7.615625252704110240e-03
3.377079999999999927e+03 -3.109789999999999863e-03 -7.031577207063360174e-03
3.377150000000000091e+03 -5.106620000000000083e-03 -6.588225279240418619e-03
3.377230000000000018e+03 -2.693710000000000201e-03 -6.141821118588660158e-03
3.377300000000000182e+03 -1.249380000000000022e-03 -5.793023864244255597e-03
3.377380000000000109e+03 -4.419939999999999806e-03 -5.432337734251412031e-03
3.377449999999999818e+03 1.005079999999999938e-04 -5.143841518116223227e-03
3.377530000000000200e+03 7.374109999999999693e-03 -4.839790779415837491e-03
3.377599999999999909e+03 4.429439999999999766e-03 -4.592986153161803843e-03
3.377679999999999836e+03 -2.640019999999999867e-03 -4.330153299694404490e-03
3.377750000000000000e+03 -3.517559999999999871e-03 -4.115339408029206753e-03
3.377829999999999927e+03 -1.343030000000000048e-03 -3.885720018291696342e-03
3.377900000000000091e+03 9.216989999999999992e-05 -3.697791195838140595e-03
3.377980000000000018e+03 3.571280000000000027e-03 -3.497008553600716284e-03
3.378050000000000182e+03 3.189110000000000208e-03 -3.332979826504416793e-03
3.378130000000000109e+03 4.581470000000000030e-04 -3.158224055305449730e-03
3.378199999999999818e+03 1.553329999999999902e-03 -3.015954983265295951e-03
3.378280000000000200e+03 2.396740000000000068e-03 -2.864979323272840057e-03
3.378349999999999909e+03 2.581570000000000045e-03 -2.742592077376553375e-03
3.378429999999999836e+03 4.899220000000000137e-03 -2.613290228888633191e-03
3.378500000000000000e+03 6.088999999999999795e-03 -2.508949903083526264e-03
3.378579999999999927e+03 6.602460000000000100e-03 -2.399221119354779958e-03
3.378650000000000091e+03 6.448330000000000381e-03 -2.311085509926326907e-03
3.378730000000000018e+03 1.464620000000000028e-03 -2.218825913821872130e-03
3.378800000000000182e+03 -2.991820000000000070e-03 -2.145063782680386652e-03
3.378880000000000109e+03 -2.468680000000000006e-03 -2.068203173530396444e-03
3.378949999999999818e+03 2.347269999999999825e-03 -2.007032850575918466e-03
3.379030000000000200e+03 5.609920000000000011e-03 -1.943580323937660857e-03
3.379099999999999909e+03 0.000000000000000000e+00 -1.893307931607481369e-03
3.379179999999999836e+03 -3.235120000000000183e-03 -1.841391519964890320e-03
3.379250000000000000e+03 6.214779999999999610e-04 -1.800441180647472522e-03
3.379329999999999927e+03 1.305799999999999973e-03 -1.758336774962575332e-03
3.379400000000000091e+03 1.786150000000000021e-03 -1.725270955552750960e-03
3.379480000000000018e+03 2.744849999999999851e-04 -1.691420067943946379e-03
3.379550000000000182e+03 -7.514780000000000418e-03 -1.664950602742731271e-03
3.379630000000000109e+03 -1.030039999999999949e-02 -1.637968225528452964e-03
3.379699999999999818e+03 -2.642869999999999855e-03 -1.616959442372906596e-03
3.379780000000000200e+03 6.937329999999999799e-04 -1.595633824993246625e-03
3.379849999999999909e+03 -5.206920000000000298e-03 -1.579099438814997184e-03
3.379929999999999836e+03 -7.085720000000000213e-03 -1.562385687346865741e-03
3.380000000000000000e+03 -5.366830000000000385e-03 -1.549481087110850773e-03
3.380079999999999927e+03 -4.051100000000000187e-03 -1.536490363711074010e-03
3.380150000000000091e+03 0.000000000000000000e+00 -1.526501757997317243e-03
3.380230000000000018e+03 2.511180000000000009e-03 -1.516487637255143576e-03
3.380300000000000182e+03 2.177880000000000094e-04 -1.508819310350155299e-03
3.380380000000000109e+03 -1.750459999999999907e-03 -1.501162592255661076e-03
3.380449999999999818e+03 -3.476589999999999889e-03 -1.495323292247902752e-03
3.380530000000000200e+03 -8.086110000000000519e-03 -1.489516308222894013e-03
3.380599999999999909e+03 -1.165270000000000021e-02 -1.485105562268405465e-03
3.380679999999999836e+03 -1.107290000000000010e-02 -1.480736760464005861e-03
3.380750000000000000e+03 -8.123329999999999787e-03 -1.477431703305828476e-03
3.380829999999999927e+03 -3.937529999999999850e-03 -1.474171074012773806e-03
3.380900000000000091e+03 0.000000000000000000e+00 -1.471714191963697594e-03
3.380980000000000018e+03 3.911109999999999760e-03 -1.469299900215589655e-03
3.381050000000000182e+03 5.546920000000000323e-03 -1.467487938167712095e-03
3.381130000000000109e+03 2.862509999999999968e-03 -1.465714371178968760e-03
3.381199999999999818e+03 3.182819999999999833e-03 -1.464388525767486467e-03
3.381280000000000200e+03 5.479389999999999782e-03 -1.463095837482975307e-03
3.381349999999999909e+03 5.492979999999999738e-03 -1.462133264058298240e-03
3.381429999999999836e+03 3.122849999999999931e-03 -1.461198405418261820e-03
3.381500000000000000e+03 1.898869999999999985e-03 -1.460504997219342531e-03
3.381579999999999927e+03 6.304019999999999589e-03 -1.459834155034669045e-03
3.381650000000000091e+03 1.003169999999999930e-02 -1.459338506274557561e-03
3.381730000000000018e+03 1.395459999999999930e-02 -1.458860831439564090e-03
3.381800000000000182e+03 1.806369999999999851e-02 -1.458509267910717460e-03
3.381880000000000109e+03 1.434979999999999936e-02 -1.458171750443433817e-03
3.381949999999999818e+03 4.801490000000000272e-03 -1.457924297740646790e-03
3.382030000000000200e+03 -2.270770000000000080e-03 -1.457687637415664567e-03
3.382099999999999909e+03 -6.026459999999999977e-03 -1.457514794261561284e-03
3.382179999999999836e+03 -8.050899999999999723e-03 -1.457350117404833086e-03
3.382250000000000000e+03 -4.319299999999999876e-03 -1.457230306604082948e-03
3.382329999999999927e+03 1.932429999999999955e-03 -1.457116588546336503e-03
3.382400000000000091e+03 4.406860000000000291e-03 -1.457034168082428898e-03
3.382480000000000018e+03 1.567610000000000097e-03 -1.456956234040583491e-03
3.382550000000000182e+03 0.000000000000000000e+00 -1.456899963607467905e-03
3.382630000000000109e+03 2.769649999999999803e-03 -1.456846956222492820e-03
3.382699999999999818e+03 4.785260000000000381e-03 -1.456808828418721833e-03
3.382780000000000200e+03 5.958409999999999922e-03 -1.456773046230889525e-03
3.382849999999999909e+03 5.566439999999999756e-03 -1.456747405565456208e-03
3.382929999999999836e+03 4.656320000000000250e-03 -1.456723432249523980e-03
3.383000000000000000e+03 4.272119999999999911e-03 -1.456706318235632611e-03
3.383079999999999927e+03 5.243000000000000264e-03 -1.456690376746021384e-03
3.383150000000000091e+03 5.036610000000000392e-03 -1.456679039222960170e-03
3.383230000000000018e+03 7.356689999999999931e-04 -1.456668517722831992e-03
3.383300000000000182e+03 -3.499239999999999816e-03 -1.456661062916279979e-03
3.383380000000000109e+03 -3.359860000000000103e-03 -1.456654170327572944e-03
3.383449999999999818e+03 -1.754300000000000087e-03 -1.456649304976087318e-03
3.383530000000000200e+03 5.004010000000000359e-04 -1.456644823195873441e-03
3.383599999999999909e+03 4.388190000000000146e-03 -1.456641671392807508e-03
3.383679999999999836e+03 5.095289999999999715e-03 -1.456638778785923237e-03
