3.320000000000000000e+03 7.567169999999999799e-03 -1.456628096935751919e-03
3.320079999999999927e+03 3.501719999999999833e-03 -1.456628096935751919e-03
3.320150000000000091e+03 4.115040000000000364e-03 -1.456628096935751919e-03
3.320230000000000018e+03 1.038290000000000046e-02 -1.456628096935751919e-03
3.320300000000000182e+03 1.073649999999999952e-02 -1.456628096935751919e-03
3.320380000000000109e+03 5.114660000000000040e-03 -1.456628096935751919e-03
3.320449999999999818e+03 2.959530000000000147e-03 -1.456628096935751919e-03
3.320530000000000200e+03 2.276820000000000146e-03 -1.456628096935751919e-03
3.320599999999999909e+03 -3.177119999999999857e-03 -1.456628096935751919e-03
3.320679999999999836e+03 -6.715519999999999996e-03 -1.456628096935751919e-03
3.320750000000000000e+03 -4.008639999999999946e-03 -1.456628096935751919e-03
3.320829999999999927e+03 -1.501299999999999900e-03 -1.456628096935751919e-03
3.320900000000000091e+03 -5.331220000000000230e-04 -1.456628096935751919e-03
3.320980000000000018e+03 -1.616459999999999902e-03 -1.456628096935751919e-03
3.321050000000000182e+03 -2.345600000000000202e-03 -1.456628096935751919e-03
3.321130000000000109e+03 -9.760969999999999890e-04 -1.456628096935751919e-03
3.321199999999999818e+03 -2.661590000000000136e-03 -1.456628096935751919e-03
3.321280000000000200e+03 -4.026649999999999674e-03 -1.456628096935751919e-03
3.321349999999999909e+03 -2.296470000000000108e-03 -1.456628096935751919e-03
3.321429999999999836e+03 0.000000000000000000e+00 -1.456628096935751919e-03
3.321500000000000000e+03 2.326920000000000117e-03 -1.456628096935751919e-03
3.321579999999999927e+03 2.017989999999999888e-03 -1.456628096935751919e-03
3.321650000000000091e+03 -8.308249999999999880e-04 -1.456628096935751919e-03
3.321730000000000018e+03 -6.808250000000000066e-03 -1.456628096935751919e-03
3.321800000000000182e+03 -1.072279999999999935e-02 -1.456628096935751919e-03
3.321880000000000109e+03 -8.916010000000000255e-03 -1.456628096935751919e-03
3.321949999999999818e+03 -8.359609999999999957e-03 -1.456628096935751919e-03
3.322030000000000200e+03 -8.571550000000000696e-03 -1.456628096935751919e-03
3.322099999999999909e+03 -6.014509999999999822e-03 -1.456628096935751919e-03
3.322179999999999836e+03 -1.859839999999999974e-03 -1.456628096935751919e-03
3.322250000000000000e+03 -1.855199999999999991e-03 -1.456628096935751919e-03
3.322329999999999927e+03 -7.951939999999999356e-03 -1.456628096935751919e-03
3.322400000000000091e+03 -1.190790000000000078e-02 -1.456628096935751919e-03
3.322480000000000018e+03 -6.610460000000000294e-03 -1.456628096935751919e-03
3.322550000000000182e+03 0.000000000000000000e+00 -1.456628096935751703e-03
3.322630000000000109e+03 5.064069999999999509e-04 -1.456628096935751486e-03
3.322699999999999818e+03 -2.863010000000000034e-03 -1.456628096935750835e-03
3.322780000000000200e+03 -6.348930000000000025e-03 -1.456628096935749317e-03
3.322849999999999909e+03 -9.083030000000000617e-03 -1.456628096935746065e-03
3.322929999999999836e+03 -1.304450000000000054e-02 -1.456628096935737391e-03
3.323000000000000000e+03 -1.156639999999999925e-02 -1.456628096935719827e-03
3.323079999999999927e+03 -3.180619999999999888e-03 -1.456628096935673857e-03
3.323150000000000091e+03 1.811069999999999911e-03 -1.456628096935583651e-03
3.323230000000000018e+03 -2.940789999999999984e-03 -1.456628096935351415e-03
3.323300000000000182e+03 -5.739250000000000428e-03 -1.456628096934903856e-03
3.323380000000000109e+03 1.681150000000000125e-04 -1.456628096933773034e-03
3.323449999999999818e+03 3.541050000000000014e-03 -1.456628096931635204e-03
3.323530000000000200e+03 3.365429999999999984e-03 -1.456628096926340394e-03
3.323599999999999909e+03 1.724950000000000051e-03 -1.456628096916520775e-03
3.323679999999999836e+03 -6.306880000000000168e-04 -1.456628096892673531e-03
3.323750000000000000e+03 -2.111850000000000185e-03 -1.456628096849285061e-03
3.323829999999999927e+03 -5.610739999999999478e-04 -1.456628096745980110e-03
3.323900000000000091e+03 4.414819999999999856e-03 -1.456628096561591798e-03
3.323980000000000018e+03 6.100689999999999759e-03 -1.456628096131186304e-03
3.324050000000000182e+03 5.465560000000000383e-03 -1.456628095377578407e-03
3.324130000000000109e+03 7.319799999999999571e-03 -1.456628093653032120e-03
3.324199999999999818e+03 8.621669999999999681e-03 -1.456628090691085677e-03
3.324280000000000200e+03 3.962369999999999781e-03 -1.456628084046350134e-03
3.324349999999999909e+03 -9.945749999999999296e-04 -1.456628072852145933e-03
3.324429999999999836e+03 4.446740000000000241e-03 -1.456628048234376088e-03
3.324500000000000000e+03 8.718709999999999308e-03 -1.456628007556890403e-03
3.324579999999999927e+03 6.143469999999999834e-03 -1.456627919867538312e-03
3.324650000000000091e+03 5.759260000000000421e-03 -1.456627777760073194e-03
3.324730000000000018e+03 2.390039999999999960e-03 -1.456627477479517131e-03
3.324800000000000182e+03 -1.888630000000000083e-03 -1.456627000242075943e-03
3.324880000000000109e+03 -5.522119999999999503e-04 -1.456626011824659235e-03
3.324949999999999818e+03 4.810049999999999742e-03 -1.456624471347935405e-03
3.325030000000000200e+03 4.791069999999999704e-03 -1.456621344318313836e-03
3.325099999999999909e+03 0.000000000000000000e+00 -1.456616565488062396e-03
3.325179999999999836e+03 -1.340210000000000099e-03 -1.456607058523509343e-03
3.325250000000000000e+03 -3.883010000000000107e-03 -1.456592813257918300e-03
3.325329999999999927e+03 -4.054269999999999576e-03 -1.456565041506993315e-03
3.325400000000000091e+03 -9.498659999999999482e-04 -1.456524244196852683e-03
3.325480000000000018e+03 -2.121109999999999836e-03 -1.456446307543872009e-03
3.325550000000000182e+03 -6.024869999999999878e-03 -1.456334073176163146e-03
3.325630000000000109e+03 -8.729550000000000851e-03 -1.456123998327096044e-03
3.325699999999999818e+03 -6.643679999999999898e-03 -1.455827470617024550e-03
3.325780000000000200e+03 -2.952269999999999894e-03 -1.455283711534012840e-03
3.325849999999999909e+03 0.000000000000000000e+00 -1.454531482203601928e-03
3.325929999999999836e+03 3.639410000000000041e-03 -1.453180239841847434e-03
3.326000000000000000e+03 4.402119999999999818e-03 -1.451348482369644102e-03
3.326079999999999927e+03 7.512109999999999795e-03 -1.448125678760174128e-03
3.326150000000000091e+03 1.002229999999999961e-02 -1.443845225824173838e-03
3.326230000000000018e+03 4.244839999999999725e-03 -1.436470081402164761e-03
3.326300000000000182e+03 -1.894110000000000064e-03 -1.426874577472892706e-03
3.326380000000000109e+03 -2.365959999999999851e-03 -1.410686898485864239e-03
3.326449999999999818e+03 2.829939999999999973e-03 -1.390060125539831172e-03
3.326530000000000200e+03 7.106000000000000337e-03 -1.355996435935468650e-03
3.326599999999999909e+03 7.292850000000000027e-03 -1.313497213777987341e-03
3.326679999999999836e+03 4.471329999999999923e-03 -1.244809993112362461e-03
3.326750000000000000e+03 3.306170000000000202e-03 -1.160925366177670802e-03
3.326829999999999927e+03 1.024470000000000068e-02 -1.028283085924574809e-03
3.326900000000000091e+03 1.570859999999999965e-02 -8.697731060307006129e-04
3.326980000000000018e+03 1.193269999999999921e-02 -6.246386629073260970e-04
3.327050000000000182e+03 6.316869999999999603e-03 -3.381100004426400383e-04
3.327130000000000109e+03 6.965210000000000325e-03 9.507455591184076245e-05
3.327199999999999818e+03 9.443379999999999483e-03 5.900769370496474365e-04
3.327280000000000200e+03 8.271870000000000611e-03 1.321271393492361472e-03
3.327349999999999909e+03 3.840479999999999849e-03 2.137603045623152030e-03
3.327429999999999836e+03 1.780929999999999905e-04 3.314978535856094415e-03
3.327500000000000000e+03 3.813469999999999794e-03 4.598209739195070409e-03
3.327579999999999927e+03 1.045130000000000017e-02 6.403689633732467280e-03
3.327650000000000091e+03 1.297839999999999931e-02 8.322773072213796031e-03
3.327730000000000018e+03 1.174809999999999917e-02 1.095373846906959325e-02
3.327800000000000182e+03 1.212569999999999967e-02 1.367728128377489714e-02
3.327880000000000109e+03 1.621420000000000153e-02 1.730973798847922421e-02
3.327949999999999818e+03 2.114749999999999963e-02 2.096498999566916502e-02
3.328030000000000200e+03 2.559780000000000041e-02 2.569708916524799519e-02
3.328099999999999909e+03 2.810759999999999995e-02 3.031327350021469774e-02
3.328179999999999836e+03 2.876010000000000025e-02 3.609474834650536201e-02
3.328250000000000000e+03 3.188959999999999712e-02 4.153931250074337916e-02
3.328329999999999927e+03 3.981690000000000229e-02 4.810114450014271736e-02
3.328400000000000091e+03 4.886560000000000209e-02 5.402529047511305665e-02
3.328480000000000018e+03 5.376210000000000017e-02 6.083205352708715569e-02
3.328550000000000182e+03 5.759859999999999980e-02 6.664748594499342316e-02
3.328630000000000109e+03 6.458999999999999464e-02 7.289833529398016820e-02
3.328699999999999818e+03 7.362219999999999875e-02 7.780687513995003524e-02
3.328780000000000200e+03 8.418950000000000045e-02 8.250613303526105335e-02
3.328849999999999909e+03 9.171669999999999823e-02 8.559495725957991241e-02
3.328929999999999836e+03 9.590709999999999513e-02 8.769794917234320641e-02
3.329000000000000000e+03 9.681240000000000678e-02 8.809581488818103712e-02
3.329079999999999927e+03 9.537779999999999869e-02 8.671232495740160973e-02
3.329150000000000091e+03 9.521759999999999946e-02 8.378027345589422747e-02
3.329230000000000018e+03 9.088000000000000245e-02 7.839353885394943766e-02
3.329300000000000182e+03 8.438959999999999517e-02 7.190475959283838814e-02
3.329380000000000109e+03 8.051560000000000661e-02 6.254790452649940102e-02
3.329449999999999818e+03 6.973079999999999556e-02 5.280412082618982095e-02
3.329530000000000200e+03 5.640370000000000106e-02 4.013692431609393318e-02
3.329599999999999909e+03 4.563799999999999801e-02 2.797845475496304329e-02
3.329679999999999836e+03 2.952250000000000013e-02 1.322860300117139655e-02
3.329750000000000000e+03 1.262019999999999982e-02 -7.836142648460120604e-05
3.329829999999999927e+03 -7.236320000000000079e-03 -1.530858994576153945e-02
3.329900000000000091e+03 -2.708609999999999837e-02 -2.828855168149144172e-02
3.329980000000000018e+03 -4.314130000000000048e-02 -4.230877486872440529e-02
3.330050000000000182e+03 -6.168880000000000197e-02 -5.354624570447613641e-02
3.330130000000000109e+03 -7.311479999999999368e-02 -6.488681081417799201e-02
3.330199999999999818e+03 -7.460819999999999952e-02 -7.328039973292349574e-02
3.330280000000000200e+03 -7.437850000000000017e-02 -8.094553409428523194e-02
3.330349999999999909e+03 -7.685259999999999314e-02 -8.588373669412867339e-02
3.330429999999999836e+03 -8.031050000000000688e-02 -8.948883040191610294e-02
3.330500000000000000e+03 -8.017739999999999589e-02 -9.090924053174352648e-02
3.330579999999999927e+03 -7.897079999999999378e-02 -9.067805165147790891e-02
3.330650000000000091e+03 -7.631419999999999870e-02 -8.900691172876734614e-02
3.330730000000000018e+03 -6.870660000000000656e-02 -8.564511088946821782e-02
3.330800000000000182e+03 -5.948590000000000128e-02 -8.164690286242606843e-02
3.330880000000000109e+03 -5.401310000000000139e-02 -7.613948306789064535e-02
3.330949999999999818e+03 -5.267360000000000098e-02 -7.072592643223467312e-02
3.331030000000000200e+03 -5.194669999999999843e-02 -6.411848710312530175e-02
3.331099999999999909e+03 -4.608299999999999896e-02 -5.816826838907218633e-02
3.331179999999999836e+03 -3.823030000000000178e-02 -5.138493363015677468e-02
3.331250000000000000e+03 -2.956320000000000128e-02 -4.561219834247046828e-02
3.331329999999999927e+03 -2.253509999999999888e-02 -3.934200609138338578e-02
3.331400000000000091e+03 -2.553240000000000023e-02 -3.423043284367287276e-02
3.331480000000000018e+03 -2.600970000000000018e-02 -2.888900576635248726e-02
3.331550000000000182e+03 -1.889139999999999917e-02 -2.468761311592041277e-02
3.331630000000000109e+03 -1.368849999999999928e-02 -2.044054287593248531e-02
3.331699999999999818e+03 -1.273889999999999918e-02 -1.720344639472908693e-02
3.331780000000000200e+03 -1.581460000000000157e-02 -1.402700895182084663e-02
3.331849999999999909e+03 -1.796210000000000168e-02 -1.167441208695345865e-02
3.331929999999999836e+03 -1.571789999999999993e-02 -9.428341611429698343e-03
3.332000000000000000e+03 -1.392780000000000060e-02 -7.808754251154125491e-03
3.332079999999999927e+03 -1.566079999999999903e-02 -6.301869855828942310e-03
3.332150000000000091e+03 -1.320739999999999935e-02 -5.242533210318065656e-03
3.332230000000000018e+03 -5.945660000000000181e-03 -4.280853115070279956e-03
3.332300000000000182e+03 -4.287759999999999835e-03 -3.621064531049971585e-03
3.332380000000000109e+03 -5.886060000000000250e-03 -3.036113585549749319e-03
3.332449999999999818e+03 -4.649939999999999976e-03 -2.644138688416238815e-03
3.332530000000000200e+03 -4.735879999999999604e-03 -2.304510084313892305e-03
3.332599999999999909e+03 -6.407679999999999799e-03 -2.082083880274204855e-03
3.332679999999999836e+03 -4.622030000000000062e-03 -1.893619231037920597e-03
3.332750000000000000e+03 -4.578459999999999800e-04 -1.772917696014662294e-03
3.332829999999999927e+03 -3.365439999999999925e-03 -1.672837642149927351e-03
3.332900000000000091e+03 -9.748200000000000268e-03 -1.610103354857769786e-03
3.332980000000000018e+03 -9.007100000000000523e-03 -1.559132514061652803e-03
3.333050000000000182e+03 -8.139220000000000829e-03 -1.527784407747338627e-03
3.333130000000000109e+03 -8.579939999999999442e-03 -1.502705775406111511e-03
3.333199999999999818e+03 -6.548909999999999801e-03 -1.487423050760637751e-03
3.333280000000000200e+03 -2.933840000000000059e-03 -1.475138488842781112e-03
3.333349999999999909e+03 5.652289999999999918e-04 -1.467414943271219381e-03
3.333429999999999836e+03 6.844789999999999902e-05 -1.460692209110906739e-03
3.333500000000000000e+03 -1.507010000000000034e-03 -1.455775209471987146e-03
3.333579999999999927e+03 -3.401490000000000069e-03 -1.450402212344893780e-03
3.333650000000000091e+03 -7.815380000000000243e-03 -1.445279076368910596e-03
3.333730000000000018e+03 -1.073889999999999914e-02 -1.438193838573860244e-03
3.333800000000000182e+03 -1.185019999999999997e-02 -1.430243772139254974e-03
3.333880000000000109e+03 -1.015469999999999914e-02 -1.418227858251238944e-03
3.333949999999999818e+03 -4.644930000000000239e-03 -1.404215077965141178e-03
3.334030000000000200e+03 -1.703599999999999993e-03 -1.382831778132756310e-03
3.334099999999999909e+03 -1.565070000000000003e-03 -1.358011122869036674e-03
3.334179999999999836e+03 -1.885390000000000026e-03 -1.320587463135445595e-03
3.334250000000000000e+03 0.000000000000000000e+00 -1.277801506971880342e-03
3.334329999999999927e+03 5.672970000000000269e-03 -1.214381153614066183e-03
3.334400000000000091e+03 8.984650000000000275e-03 -1.143145159030570972e-03
3.334480000000000018e+03 4.517789999999999827e-03 -1.039481177343071520e-03
3.334550000000000182e+03 -1.727379999999999931e-03 -9.251841264023487766e-04
3.334630000000000109e+03 -2.582909999999999894e-03 -7.619996017159617451e-04
3.334699999999999818e+03 -1.846549999999999971e-03 -5.854934494095189032e-04
3.334780000000000200e+03 -9.417270000000000046e-06 -3.384016792049100893e-04
3.334849999999999909e+03 2.189379999999999885e-03 -7.638537097106462559e-05
3.334929999999999836e+03 2.887840000000000025e-03 2.830086256785993831e-04
3.335000000000000000e+03 4.801950000000000142e-03 6.563247682051865425e-04
3.335079999999999927e+03 7.608539999999999574e-03 1.157588457791276651e-03
3.335150000000000091e+03 9.786160000000000345e-03 1.667094176035009744e-03
3.335230000000000018e+03 8.732399999999999538e-03 2.335991377177945062e-03
3.335300000000000182e+03 4.618200000000000256e-03 3.000349626103180831e-03
3.335380000000000109e+03 -2.733289999999999982e-04 3.851707546715812600e-03
3.335449999999999818e+03 1.604879999999999935e-03 4.676329670185613505e-03
3.335530000000000200e+03 7.801879999999999753e-03 5.705373126654279640e-03
3.335599999999999909e+03 6.538419999999999649e-03 6.674584100708264543e-03
3.335679999999999836e+03 6.568759999999999877e-03 7.848163409152035183e-03
3.335750000000000000e+03 9.672000000000000042e-03 8.918157568420924386e-03
3.335829999999999927e+03 6.138779999999999931e-03 1.016805576228533604e-02
3.335900000000000091e+03 6.817010000000000083e-03 1.126279505885277588e-02
3.335980000000000018e+03 1.214349999999999978e-02 1.248371957411580080e-02
3.336050000000000182e+03 1.022969999999999956e-02 1.349604156094944690e-02
3.336130000000000109e+03 6.570140000000000355e-03 1.455067898551270708e-02
3.336199999999999818e+03 9.439049999999999177e-03 1.535032724385941572e-02
3.336280000000000200e+03 1.936200000000000074e-02 1.608277546089173157e-02
3.336349999999999909e+03 2.343430000000000166e-02 1.653176689849806397e-02
3.336429999999999836e+03 1.777990000000000126e-02 1.678880735532680551e-02
3.336500000000000000e+03 1.647190000000000112e-02 1.676268690806010861e-02
3.336579999999999927e+03 2.074269999999999933e-02 1.642008349486421409e-02
3.336650000000000091e+03 2.541229999999999878e-02 1.583163516511367636e-02
3.336730000000000018e+03 2.551360000000000086e-02 1.482057879896823624e-02
3.336800000000000182e+03 1.661649999999999933e-02 1.364108625793912684e-02
3.336880000000000109e+03 7.530099999999999641e-03 1.196877903408350742e-02
3.336949999999999818e+03 8.186139999999999736e-03 1.024156179955070141e-02
3.337030000000000200e+03 1.455749999999999926e-02 8.000324155368431292e-03
3.337099999999999909e+03 1.527019999999999940e-02 5.842359890301753421e-03
3.337179999999999836e+03 1.027010000000000076e-02 3.203705293646477194e-03
3.337250000000000000e+03 5.411570000000000095e-03 7.935856701318715154e-04
3.337329999999999927e+03 -1.044180000000000021e-04 -2.012955377029901523e-03
3.337400000000000091e+03 -3.625000000000000184e-03 -4.459277077833417868e-03
3.337480000000000018e+03 -9.053079999999999591e-04 -7.179070877601536650e-03
3.337550000000000182e+03 3.431519999999999970e-03 -9.440204933776020699e-03
3.337630000000000109e+03 8.662150000000000405e-04 -1.183163079350407244e-02
3.337699999999999818e+03 -4.761900000000000334e-03 -1.371380766862572223e-02
3.337780000000000200e+03 -2.671179999999999995e-03 -1.558366860831012814e-02
3.337849999999999909e+03 -3.783270000000000036e-03 -1.694808598324688831e-02
3.337929999999999836e+03 -1.251829999999999957e-02 -1.817712208030730636e-02
3.338000000000000000e+03 -1.790359999999999868e-02 -1.895624365710527753e-02
3.338079999999999927e+03 -1.989430000000000018e-02 -1.951013122242313894e-02
3.338150000000000091e+03 -2.142729999999999982e-02 -1.971042482011061553e-02
3.338230000000000018e+03 -2.147709999999999897e-02 -1.963526797104341720e-02
3.338300000000000182e+03 -1.411259999999999945e-02 -1.932714565708617063e-02
3.338380000000000109e+03 -1.043000000000000003e-02 -1.873204501929192148e-02
3.338449999999999818e+03 -1.678930000000000006e-02 -1.803053811853610328e-02
3.338530000000000200e+03 -1.895350000000000160e-02 -1.706236384317187660e-02
3.338599999999999909e+03 -1.701010000000000022e-02 -1.610362103738028489e-02
3.338679999999999836e+03 -1.585860000000000047e-02 -1.492005407199095690e-02
3.338750000000000000e+03 -1.333720000000000044e-02 -1.383883271752442759e-02
3.338829999999999927e+03 -1.263459999999999930e-02 -1.258505430151966170e-02
3.338900000000000091e+03 -1.099900000000000010e-02 -1.149719863137906896e-02
3.338980000000000018e+03 -7.837669999999999706e-03 -1.028976624620846388e-02
3.339050000000000182e+03 -1.019830000000000042e-02 -9.281775777891991194e-03
3.339130000000000109e+03 -1.157159999999999959e-02 -8.200936276064272820e-03
3.339199999999999818e+03 -7.649259999999999740e-03 -7.326765528210771837e-03
3.339280000000000200e+03 -4.116240000000000177e-03 -6.416412947782391442e-03
3.339349999999999909e+03 -1.594990000000000123e-04 -5.700129886155481419e-03
3.339429999999999836e+03 1.750559999999999963e-03 -4.973277397209509114e-03
3.339500000000000000e+03 -1.033590000000000030e-03 -4.415411102502057351e-03
3.339579999999999927e+03 -3.403340000000000250e-04 -3.862561481186491293e-03
3.339650000000000091e+03 2.295600000000000071e-03 -3.447888913695702946e-03
3.339730000000000018e+03 2.682620000000000143e-03 -3.045929723104130998e-03
3.339800000000000182e+03 5.120030000000000241e-03 -2.750892465721680846e-03
3.339880000000000109e+03 6.160770000000000308e-03 -2.470826355825100906e-03
3.339949999999999818e+03 3.750170000000000153e-03 -2.269456616189621887e-03
3.340030000000000200e+03 0.000000000000000000e+00 -2.082092398631568524e-03
3.340099999999999909e+03 -3.509169999999999824e-03 -1.950013731614030649e-03
3.340179999999999836e+03 -3.590639999999999978e-03 -1.829449269872310832e-03
3.340250000000000000e+03 -1.953019999999999973e-03 -1.746038544609018360e-03
3.340329999999999927e+03 -1.988020000000000065e-03 -1.671234276347990889e-03
3.340400000000000091e+03 -2.388250000000000182e-03 -1.620324768394787278e-03
3.340480000000000018e+03 1.223619999999999916e-03 -1.575274656645279806e-03
3.340550000000000182e+03 6.340939999999999771e-03 -1.544861285041631161e-03
3.340630000000000109e+03 8.612720000000000792e-03 -1.517862465666611855e-03
3.340699999999999818e+03 9.638839999999999214e-03 -1.499195120516164581e-03
3.340780000000000200e+03 5.890030000000000092e-03 -1.481569905215342643e-03
3.340849999999999909e+03 -2.210170000000000017e-03 -1.467851472566475803e-03
3.340929999999999836e+03 -8.866570000000000701e-03 -1.452249805337865914e-03
3.341000000000000000e+03 -1.023529999999999926e-02 -1.436939301953113479e-03
3.341079999999999927e+03 -5.836570000000000126e-03 -1.415089724857149147e-03
3.341150000000000091e+03 -7.216809999999999501e-04 -1.389578051063572461e-03
3.341230000000000018e+03 5.052240000000000376e-03 -1.349090194607190877e-03
3.341300000000000182e+03 8.528050000000000561e-03 -1.299292867518584815e-03
3.341380000000000109e+03 8.731769999999999810e-03 -1.218882940825105230e-03
3.341449999999999818e+03 8.031979999999999328e-03 -1.120128687978377141e-03
3.341530000000000200e+03 7.985420000000000018e-03 -9.625208222140361342e-04
3.341599999999999909e+03 8.583669999999999842e-03 -7.721043669163467175e-04
3.341679999999999836e+03 9.593330000000000607e-03 -4.740028321026899805e-04
3.341750000000000000e+03 1.497530000000000042e-02 -1.210767714450767824e-04
3.341829999999999927e+03 1.789980000000000043e-02 4.197754361489772299e-04
3.341900000000000091e+03 1.944629999999999970e-02 1.046463853728287147e-03
3.341980000000000018e+03 2.314269999999999869e-02 1.985793072237978206e-03
3.342050000000000182e+03 2.180210000000000134e-02 3.050288125055036596e-03
3.342130000000000109e+03 2.094520000000000062e-02 4.609862528228470674e-03
3.342199999999999818e+03 2.441729999999999942e-02 6.337275113595417647e-03
3.342280000000000200e+03 2.285229999999999900e-02 8.809279009742033290e-03
3.342349999999999909e+03 1.785799999999999887e-02 1.148325123552945519e-02
3.342429999999999836e+03 2.120939999999999978e-02 1.521760478202397945e-02
3.342500000000000000e+03 2.999390000000000042e-02 1.915849670024166382e-02
3.342579999999999927e+03 3.520020000000000093e-02 2.452325343142071692e-02
3.342650000000000091e+03 3.898719999999999963e-02 3.003898386260447223e-02
3.342730000000000018e+03 4.300280000000000075e-02 3.734633976829656449e-02
3.342800000000000182e+03 4.668069999999999858e-02 4.465196509246259493e-02
3.342880000000000109e+03 5.567369999999999958e-02 5.404978516953960060e-02
3.342949999999999818e+03 6.879559999999999842e-02 6.316071041580201273e-02
3.343030000000000200e+03 7.868509999999999394e-02 7.450203119948109465e-02
3.343099999999999909e+03 8.578429999999999389e-02 8.511843622458649394e-02
3.343179999999999836e+03 9.451110000000000066e-02 9.783691413484578436e-02
3.343250000000000000e+03 1.083879999999999982e-01 1.092503377130606829e-01
3.343329999999999927e+03 1.253519999999999912e-01 1.222830159095828068e-01
3.343400000000000091e+03 1.395220000000000071e-01 1.333446086201986736e-01
3.343480000000000018e+03 1.508720000000000061e-01 1.451477002558886065e-01
3.343550000000000182e+03 1.607989999999999975e-01 1.543352527804243701e-01
3.343630000000000109e+03 1.709160000000000124e-01 1.630275558379913337e-01
3.343699999999999818e+03 1.815980000000000094e-01 1.686309062349286569e-01
3.343780000000000200e+03 1.893509999999999915e-01 1.722707826346013271e-01
3.343849999999999909e+03 1.894609999999999905e-01 1.726835430496489743e-01
3.343929999999999836e+03 1.836969999999999992e-01 1.696439557690805899e-01
3.344000000000000000e+03 1.766800000000000037e-01 1.637113139285436281e-01
3.344079999999999927e+03 1.665820000000000078e-01 1.530754850182497739e-01
3.344150000000000091e+03 1.507469999999999921e-01 1.404162390185938192e-01
3.344230000000000018e+03 1.294210000000000083e-01 1.222904473460274949e-01
3.344300000000000182e+03 1.093149999999999955e-01 1.035005626671078177e-01
3.344380000000000109e+03 8.735750000000000459e-02 7.914450045777737808e-02
3.344449999999999818e+03 6.029120000000000312e-02 5.580824373590069498e-02
3.344530000000000200e+03 3.364000000000000323e-02 2.752191486733245387e-02
3.344599999999999909e+03 2.101879999999999981e-03 2.003465748027846542e-03
3.344679999999999836e+03 -3.216990000000000127e-02 -2.722582278745473705e-02
3.344750000000000000e+03 -6.358969999999999900e-02 -5.217570428542624150e-02
3.344829999999999927e+03 -9.187770000000000659e-02 -7.919253565605118006e-02
3.344900000000000091e+03 -1.145830000000000043e-01 -1.009245289854239780e-01
3.344980000000000018e+03 -1.354259999999999908e-01 -1.229660051366235490e-01
3.345050000000000182e+03 -1.495299999999999963e-01 -1.393952280199609872e-01
3.345130000000000109e+03 -1.544399999999999940e-01 -1.545553160688927785e-01
3.345199999999999818e+03 -1.627859999999999863e-01 -1.644874306332558822e-01
3.345280000000000200e+03 -1.711840000000000028e-01 -1.719772999935303137e-01
3.345349999999999909e+03 -1.760460000000000080e-01 -1.752280159544425120e-01
3.345429999999999836e+03 -1.785940000000000027e-01 -1.753863108026787465e-01
3.345500000000000000e+03 -1.706060000000000076e-01 -1.726853845429809631e-01
3.345579999999999927e+03 -1.586210000000000120e-01 -1.667632251485334227e-01
3.345650000000000091e+03 -1.479870000000000074e-01 -1.594919250136607181e-01
3.345730000000000018e+03 -1.362619999999999942e-01 -1.492933125087981538e-01
3.345800000000000182e+03 -1.239289999999999975e-01 -1.391406958034275831e-01
3.345880000000000109e+03 -1.080480000000000051e-01 -1.266236883212071562e-01
3.345949999999999818e+03 -9.724739999999999773e-02 -1.152532366340285885e-01
3.346030000000000200e+03 -9.636480000000000046e-02 -1.021877236581742870e-01
3.346099999999999909e+03 -9.051240000000000674e-02 -9.098505085331738684e-02
3.346179999999999836e+03 -7.928709999999999924e-02 -7.872843814319580025e-02
3.346250000000000000e+03 -7.246500000000000163e-02 -6.866472274087290217e-02
3.346329999999999927e+03 -6.434929999999999817e-02 -5.807324660432405805e-02
3.346400000000000091e+03 -5.307169999999999943e-02 -4.968217256702198853e-02
3.346480000000000018e+03 -4.573150000000000132e-02 -4.113822903703846789e-02
3.346550000000000182e+03 -4.259539999999999854e-02 -3.457779217786807052e-02
3.346630000000000109e+03 -4.158409999999999884e-02 -2.809201436996824897e-02
3.346699999999999818e+03 -4.038710000000000216e-02 -2.325143506896508797e-02
3.346780000000000200e+03 -4.008149999999999907e-02 -1.859402809598793144e-02
3.346849999999999909e+03 -4.119500000000000245e-02 -1.520876453048686586e-02
3.346929999999999836e+03 -3.716780000000000084e-02 -1.203350618115472080e-02
3.347000000000000000e+03 -3.478060000000000179e-02 -9.782640449637919344e-03
3.347079999999999927e+03 -3.658920000000000228e-02 -7.721992273200897240e-03
3.347150000000000091e+03 -3.391720000000000151e-02 -6.295898748352350867e-03
3.347230000000000018e+03 -3.014539999999999928e-02 -5.020432467960497629e-03
3.347300000000000182e+03 -2.354830000000000118e-02 -4.157986776222003140e-03
3.347380000000000109e+03 -1.956950000000000009e-02 -3.403883253100733423e-03
3.347449999999999818e+03 -2.302919999999999967e-02 -2.905359143435656301e-03
3.347530000000000200e+03 -2.000230000000000063e-02 -2.478955775969668429e-03
3.347599999999999909e+03 -1.617319999999999869e-02 -2.203210904507351547e-03
3.347679999999999836e+03 -2.157569999999999974e-02 -1.972360804490212987e-03
3.347750000000000000e+03 -2.464739999999999986e-02 -1.826231371584561506e-03
3.347829999999999927e+03 -2.115030000000000035e-02 -1.706375813045519357e-03
3.347900000000000091e+03 -1.824109999999999968e-02 -1.631996752983444401e-03
3.347980000000000018e+03 -1.777429999999999982e-02 -1.572057932931984888e-03
3.348050000000000182e+03 -1.826080000000000064e-02 -1.535386760388973487e-03
3.348130000000000109e+03 -1.696189999999999851e-02 -1.506019111846519177e-03
3.348199999999999818e+03 -1.781479999999999869e-02 -1.487893921450269283e-03
3.348280000000000200e+03 -2.256669999999999857e-02 -1.472811841330864437e-03
3.348349999999999909e+03 -2.263580000000000106e-02 -1.462643793377231983e-03
3.348429999999999836e+03 -1.951589999999999922e-02 -1.452724408298312984e-03
3.348500000000000000e+03 -1.648669999999999997e-02 -1.444328954159484644e-03
3.348579999999999927e+03 -1.496040000000000043e-02 -1.433783608148670200e-03
3.348650000000000091e+03 -1.562509999999999941e-02 -1.422689039924336608e-03
3.348730000000000018e+03 -1.422350000000000003e-02 -1.406564731439242846e-03
3.348800000000000182e+03 -1.242839999999999917e-02 -1.388203468674626632e-03
3.348880000000000109e+03 -1.272799999999999973e-02 -1.360620670141599216e-03
3.348949999999999818e+03 -1.360719999999999985e-02 -1.328971168724239630e-03
3.349030000000000200e+03 -1.242850000000000031e-02 -1.281710370626187867e-03
3.349099999999999909e+03 -1.073720000000000056e-02 -1.228144986331495452e-03
3.349179999999999836e+03 -7.715969999999999947e-03 -1.149410238202688925e-03
3.349250000000000000e+03 -3.084439999999999925e-03 -1.061692496158793235e-03
3.349329999999999927e+03 -2.070450000000000155e-03 -9.350934025161885795e-04
3.349400000000000091e+03 -1.982349999999999911e-03 -7.966524972961080628e-04
3.349480000000000018e+03 -8.459939999999999778e-04 -6.006523415006570932e-04
3.349550000000000182e+03 -4.704730000000000066e-04 -3.904354243175363597e-04
3.349630000000000109e+03 3.555829999999999842e-03 -9.869389348201706297e-05
3.349699999999999818e+03 6.303890000000000361e-03 2.079692295140944842e-04
3.349780000000000200e+03 7.080279999999999777e-04 6.248196443153222149e-04
3.349849999999999909e+03 -5.773699999999999666e-03 1.053860337085230818e-03
3.349929999999999836e+03 -5.750240000000000212e-03 1.624493882803070303e-03
3.350000000000000000e+03 0.000000000000000000e+00 2.198889011325999912e-03
3.350079999999999927e+03 4.211010000000000274e-03 2.945354056718071933e-03
3.350150000000000091e+03 2.659910000000000139e-03 3.679005798047097972e-03
3.350230000000000018e+03 9.461629999999999737e-04 4.608811797942968629e-03
3.350300000000000182e+03 3.264550000000000177e-03 5.499023691565830228e-03
3.350380000000000109e+03 4.405400000000000288e-03 6.596206652016972823e-03
3.350449999999999818e+03 5.680489999999999845e-03 7.615953723685334707e-03
3.350530000000000200e+03 9.838200000000000070e-03 8.832894367002208993e-03
3.350599999999999909e+03 1.404919999999999954e-02 9.924760478142554548e-03
3.350679999999999836e+03 1.676019999999999940e-02 1.117718170803409621e-02
3.350750000000000000e+03 1.389759999999999954e-02 1.225123506841880629e-02
3.350829999999999927e+03 1.091710000000000076e-02 1.341898102196245265e-02
3.350900000000000091e+03 1.494290000000000028e-02 1.435670798858914091e-02
3.350980000000000018e+03 2.240179999999999949e-02 1.529233216935954251e-02
3.351050000000000182e+03 2.161439999999999889e-02 1.595787105825470162e-02
3.351130000000000109e+03 1.425399999999999931e-02 1.650363441904374728e-02
3.351199999999999818e+03 1.478469999999999958e-02 1.676197123402965727e-02
3.351280000000000200e+03 1.416350000000000074e-02 1.677375420425200256e-02
3.351349999999999909e+03 9.898080000000000073e-03 1.651355906859558464e-02
3.351429999999999836e+03 1.150319999999999988e-02 1.588791635284444656e-02
3.351500000000000000e+03 1.220500000000000057e-02 1.504485476362444479e-02
3.351579999999999927e+03 1.209589999999999971e-02 1.374369248397459657e-02
3.351650000000000091e+03 1.252589999999999953e-02 1.231898234531610473e-02
3.351730000000000018e+03 1.017760000000000019e-02 1.038581222746954441e-02
3.351800000000000182e+03 8.403479999999999631e-03 8.455035439492886162e-03
3.351880000000000109e+03 7.922260000000000413e-03 6.017880896949355692e-03
3.351949999999999818e+03 4.968300000000000147e-03 3.726765651822114452e-03
3.352030000000000200e+03 -1.064870000000000096e-03 9.854852463913896330e-04
3.352099999999999909e+03 -3.853619999999999875e-03 -1.467759638880601538e-03
3.352179999999999836e+03 -2.724020000000000174e-03 -4.268330313617257898e-03
3.352250000000000000e+03 -2.932280000000000216e-03 -6.661273458636863404e-03
3.352329999999999927e+03 -6.251740000000000422e-03 -9.267399169457931143e-03
3.352400000000000091e+03 -1.368579999999999970e-02 -1.138666046670175347e-02
3.352480000000000018e+03 -1.646150000000000044e-02 -1.357363515684713133e-02
3.352550000000000182e+03 -1.298020000000000077e-02 -1.524627667853198885e-02
3.352630000000000109e+03 -1.445650000000000060e-02 -1.685034559591047990e-02
3.352699999999999818e+03 -2.010299999999999934e-02 -1.796697946011320893e-02
3.352780000000000200e+03 -2.598889999999999881e-02 -1.890497861069582314e-02
3.352849999999999909e+03 -3.027149999999999980e-02 -1.943035120281871170e-02
3.352929999999999836e+03 -2.763300000000000131e-02 -1.970393835914904107e-02
3.353000000000000000e+03 -2.374470000000000053e-02 -1.967388939016782509e-02
3.353079999999999927e+03 -2.576989999999999836e-02 -1.935898160846016500e-02
3.353150000000000091e+03 -2.726069999999999882e-02 -1.886584380471443070e-02
3.353230000000000018e+03 -2.612710000000000032e-02 -1.809111170157777504e-02
3.353300000000000182e+03 -2.167550000000000032e-02 -1.726192818344420010e-02
3.353380000000000109e+03 -1.532060000000000019e-02 -1.618208737831066876e-02
3.353449999999999818e+03 -1.170009999999999974e-02 -1.515494807715812332e-02
3.353530000000000200e+03 -1.007339999999999972e-02 -1.392479814181017163e-02
3.353599999999999909e+03 -1.252250000000000064e-02 -1.282808711882490495e-02
3.353679999999999836e+03 -1.654920000000000002e-02 -1.158198905808766575e-02
3.353750000000000000e+03 -1.374709999999999994e-02 -1.051977313780805626e-02
3.353829999999999927e+03 -7.062350000000000225e-03 -9.359131126561226477e-03
3.353900000000000091e+03 -5.925689999999999950e-03 -8.403923145082252411e-03
3.353980000000000018e+03 -7.879360000000000183e-03 -7.392979080865995367e-03
3.354050000000000182e+03 -6.931370000000000066e-03 -6.585288922293041323e-03
3.354130000000000109e+03 -5.512350000000000062e-03 -5.753759713230771969e-03
3.354199999999999818e+03 -5.883669999999999699e-03 -5.106624468700684746e-03
3.354280000000000200e+03 -7.337259999999999963e-03 -4.456740619603137728e-03
3.354349999999999909e+03 -1.052480000000000082e-02 -3.962950114406226486e-03
3.354429999999999836e+03 -9.871400000000000660e-03 -3.478309516406433849e-03
3.354500000000000000e+03 -3.828610000000000086e-03 -3.118218439731077797e-03
3.354579999999999927e+03 0.000000000000000000e+00 -2.772340722086633850e-03
3.354650000000000091e+03 2.246870000000000204e-03 -2.520740422742689425e-03
3.354730000000000018e+03 4.914049999999999668e-03 -2.283983990470779026e-03
3.354800000000000182e+03 4.029330000000000238e-03 -2.115221512428560116e-03
3.354880000000000109e+03 -1.766969999999999923e-04 -1.959517852946942706e-03
3.354949999999999818e+03 -1.856639999999999896e-03 -1.850680474506809659e-03
3.355030000000000200e+03 7.552919999999999643e-04 -1.752155091697619365e-03
3.355099999999999909e+03 4.495159999999999781e-03 -1.684567541215520412e-03
3.355179999999999836e+03 5.252739999999999666e-03 -1.624476270425400954e-03
3.355250000000000000e+03 3.965210000000000262e-03 -1.583961671294980590e-03
3.355329999999999927e+03 4.310900000000000322e-03 -1.548490212729301645e-03
3.355400000000000091e+03 4.793419999999999626e-03 -1.524864923172582123e-03
3.355480000000000018e+03 7.009940000000000095e-03 -1.504283691441591839e-03
3.355550000000000182e+03 8.301390000000000505e-03 -1.490455960401233923e-03
3.355630000000000109e+03 9.106750000000000261e-03 -1.477966738377423702e-03
3.355699999999999818e+03 1.072810000000000083e-02 -1.468849404907560325e-03
3.355780000000000200e+03 8.027219999999999842e-03 -1.459262077135288624e-03
3.355849999999999909e+03 8.620509999999999631e-03 -1.450528665651086525e-03
3.355929999999999836e+03 1.406239999999999921e-02 -1.438695382252812771e-03
3.356000000000000000e+03 1.960639999999999952e-02 -1.425222270794818504e-03
3.356079999999999927e+03 2.154760000000000009e-02 -1.403941294285993707e-03
3.356150000000000091e+03 1.416270000000000029e-02 -1.377589670657244610e-03
3.356230000000000018e+03 8.501399999999999235e-03 -1.334477337303927556e-03
3.356300000000000182e+03 9.771480000000000790e-03 -1.280689265628362841e-03
3.356380000000000109e+03 9.444460000000000008e-03 -1.193335258028028426e-03
3.356449999999999818e+03 1.191249999999999948e-02 -1.085894398319271021e-03
3.356530000000000200e+03 1.667549999999999935e-02 -9.145462395406720423e-04
3.356599999999999909e+03 1.816159999999999997e-02 -7.078904321598588701e-04
3.356679999999999836e+03 1.592860000000000109e-02 -3.851171555520904472e-04
3.356750000000000000e+03 1.372540000000000045e-02 -3.960091133665402316e-06
3.356829999999999927e+03 1.550780000000000040e-02 5.785497333986404627e-04
3.356900000000000091e+03 1.920629999999999907e-02 1.251615085852751533e-03
3.356980000000000018e+03 2.101400000000000143e-02 2.257529039845105820e-03
3.357050000000000182e+03 1.568390000000000062e-02 3.394152264651863898e-03
3.357130000000000109e+03 1.281200000000000047e-02 5.054397700520814503e-03
3.357199999999999818e+03 2.075650000000000064e-02 6.887757190779663329e-03
3.357280000000000200e+03 2.718090000000000089e-02 9.503213389947584577e-03
3.357349999999999909e+03 2.852990000000000040e-02 1.232346684690566706e-02
3.357429999999999836e+03 3.002360000000000098e-02 1.624932761328994404e-02
3.357500000000000000e+03 3.195130000000000192e-02 2.037865088176008324e-02
3.357579999999999927e+03 3.891189999999999927e-02 2.598066702154517779e-02
3.357650000000000091e+03 4.473150000000000043e-02 3.172010913769704454e-02
3.357730000000000018e+03 4.466559999999999975e-02 3.929589783007640669e-02
3.357800000000000182e+03 5.185479999999999950e-02 4.684101319098658150e-02
3.357880000000000109e+03 6.580650000000000388e-02 5.650769820179624148e-02
3.357949999999999818e+03 7.551220000000000154e-02 6.583932295668865065e-02
3.358030000000000200e+03 7.821379999999999999e-02 7.740189407218202311e-02
3.358099999999999909e+03 8.260420000000000262e-02 8.817144624854544865e-02
3.358179999999999836e+03 9.544550000000000256e-02 1.010018071208719226e-01
3.358250000000000000e+03 1.052669999999999995e-01 1.124435728726216055e-01
3.358329999999999927e+03 1.116660000000000014e-01 1.254128811037641400e-01
3.358400000000000091e+03 1.245379999999999959e-01 1.363232279103889499e-01
3.358480000000000018e+03 1.417150000000000076e-01 1.478327587476466476e-01
3.358550000000000182e+03 1.558080000000000020e-01 1.566520018150214522e-01
3.358630000000000109e+03 1.616910000000000014e-01 1.647943913544427375e-01
3.358699999999999818e+03 1.659130000000000049e-01 1.698075056473846434e-01
3.358780000000000200e+03 1.715550000000000130e-01 1.726594452383045375e-01
3.358849999999999909e+03 1.743530000000000080e-01 1.722987290074106115e-01
3.358929999999999836e+03 1.759660000000000113e-01 1.683038489029491103e-01
3.359000000000000000e+03 1.691469999999999918e-01 1.614984962251990175e-01
3.359079999999999927e+03 1.506830000000000114e-01 1.498583613331290199e-01
3.359150000000000091e+03 1.364940000000000042e-01 1.363462469179645420e-01
3.359230000000000018e+03 1.259550000000000114e-01 1.173145768028710234e-01
3.359300000000000182e+03 1.043110000000000009e-01 9.782421929741225153e-02
3.359380000000000109e+03 7.278439999999999910e-02 7.280785098527058075e-02
3.359449999999999818e+03 4.044699999999999684e-02 4.904128555779273951e-02
3.359530000000000200e+03 1.458850000000000077e-02 2.045412699818249802e-02
3.359599999999999909e+03 -7.730100000000000166e-03 -5.148832191986385011e-03
3.359679999999999836e+03 -3.645749999999999685e-02 -3.426597238400552747e-02
3.359750000000000000e+03 -6.757080000000000031e-02 -5.893944553652023799e-02
3.359829999999999927e+03 -9.528939999999999633e-02 -8.545120662406023582e-02
3.359900000000000091e+03 -1.186419999999999975e-01 -1.065950078832661185e-01
3.359980000000000018e+03 -1.367470000000000074e-01 -1.278271470001506871e-01
3.360050000000000182e+03 -1.528120000000000034e-01 -1.434577075324338924e-01
3.360130000000000109e+03 -1.625109999999999888e-01 -1.576399302066378572e-01
3.360199999999999818e+03 -1.677700000000000025e-01 -1.666922817336343732e-01
3.360280000000000200e+03 -1.748790000000000067e-01 -1.731871367319439969e-01
3.360349999999999909e+03 -1.761890000000000123e-01 -1.756055370958077844e-01
3.360429999999999836e+03 -1.704690000000000094e-01 -1.748865582067996305e-01
3.360500000000000000e+03 -1.661640000000000061e-01 -1.715030125585730036e-01
3.360579999999999927e+03 -1.594889999999999919e-01 -1.649154733933077543e-01
3.360650000000000091e+03 -1.448909999999999920e-01 -1.571713708123018138e-01
3.360730000000000018e+03 -1.334919999999999995e-01 -1.465615077217878037e-01
3.360800000000000182e+03 -1.273579999999999990e-01 -1.361602786536836029e-01
3.360880000000000109e+03 -1.155329999999999968e-01 -1.234789539209303205e-01
3.360949999999999818e+03 -1.060299999999999992e-01 -1.120599272905635629e-01
3.361030000000000200e+03 -9.866400000000000170e-02 -9.903318013605519332e-02
3.361099999999999909e+03 -8.652219999999999356e-02 -8.793321701002776436e-02
3.361179999999999836e+03 -8.078290000000000470e-02 -7.585549771991142998e-02
3.361250000000000000e+03 -7.399469999999999659e-02 -6.598801262392134381e-02
3.361329999999999927e+03 -6.440590000000000204e-02 -5.565033421749511489e-02
3.361400000000000091e+03 -6.124620000000000064e-02 -4.749528739753119955e-02
3.361480000000000018e+03 -5.655330000000000079e-02 -3.922486494029511078e-02
3.361550000000000182e+03 -5.199959999999999999e-02 -3.289874571155119304e-02
3.361630000000000109e+03 -4.966729999999999756e-02 -2.666736536155832685e-02
3.361699999999999818e+03 -4.429559999999999748e-02 -2.203306896351252611e-02
3.361780000000000200e+03 -3.904429999999999706e-02 -1.758924874202580715e-02
3.361849999999999909e+03 -3.903149999999999675e-02 -1.436996094742528512e-02
3.361929999999999836e+03 -3.857030000000000181e-02 -1.136007341732901688e-02
3.362000000000000000e+03 -3.391410000000000258e-02 -9.233196314868720445e-03
3.362079999999999927e+03 -3.120090000000000016e-02 -7.292045605130794902e-03
3.362150000000000091e+03 -2.888059999999999933e-02 -5.952750735154304328e-03
3.362230000000000018e+03 -2.352450000000000027e-02 -4.758468858457919407e-03
3.362300000000000182e+03 -1.587809999999999916e-02 -3.953301763697331279e-03
3.362380000000000109e+03 -1.237790000000000071e-02 -3.251296996852177067e-03
3.362449999999999818e+03 -1.215660000000000004e-02 -2.788529725717562094e-03
3.362530000000000200e+03 -1.236010000000000060e-02 -2.393780085504614973e-03
3.362599999999999909e+03 -1.614760000000000154e-02 -2.139164408304453004e-03
3.362679999999999836e+03 -1.807500000000000079e-02 -1.926483690583747624e-03
3.362750000000000000e+03 -2.006869999999999835e-02 -1.792088406795006592e-03
3.362829999999999927e+03 -2.073590000000000155e-02 -1.681919030672281590e-03
3.362900000000000091e+03 -1.330600000000000012e-02 -1.613437286721621823e-03
3.362980000000000018e+03 -5.526370000000000067e-03 -1.557905245321725227e-03
3.363050000000000182e+03 -5.739840000000000393e-03 -1.523411803506512100e-03
3.363130000000000109e+03 -9.730499999999999566e-03 -1.494887760221779056e-03
3.363199999999999818e+03 -1.193160000000000054e-02 -1.476165966088100346e-03
3.363280000000000200e+03 -1.090819999999999984e-02 -1.458863602396417384e-03
3.363349999999999909e+03 -9.867330000000000545e-03 -1.445283393276240464e-03
3.363429999999999836e+03 -1.255279999999999938e-02 -1.429502646098370798e-03
3.363500000000000000e+03 -1.276300000000000004e-02 -1.413908203483539225e-03
3.363579999999999927e+03 -1.448789999999999974e-02 -1.392197737424985624e-03
3.363650000000000091e+03 -2.008530000000000038e-02 -1.368151220849045391e-03
3.363730000000000018e+03 -1.827880000000000130e-02 -1.332685560950527251e-03
3.363800000000000182e+03 -1.071539999999999992e-02 -1.292523133670568820e-03
3.363880000000000109e+03 -6.180950000000000159e-03 -1.233182755720626470e-03
3.363949999999999818e+03 -5.399929999999999834e-03 -1.166543935954622102e-03
3.364030000000000200e+03 -6.237910000000000156e-03 -1.069442648636476654e-03
3.364099999999999909e+03 -6.418659999999999644e-03 -9.621663286948789083e-04
3.364179999999999836e+03 -4.286930000000000428e-03 -8.086361617584689795e-04
3.364250000000000000e+03 -7.871470000000000203e-03 -6.421436040726741191e-04
3.364329999999999927e+03 -1.074469999999999939e-02 -4.084331104212727496e-04
3.364400000000000091e+03 -6.306250000000000223e-03 -1.599139434641529654e-04
3.364480000000000018e+03 -6.577910000000000180e-03 1.819537281515912121e-04
3.364550000000000182e+03 -5.993059999999999707e-03 5.381107295771311947e-04
3.364630000000000109e+03 -1.202130000000000039e-03 1.017793409969126482e-03
3.364699999999999818e+03 -3.362379999999999883e-03 1.506883875656426586e-03
3.364780000000000200e+03 -6.790140000000000065e-03 2.151064038206415736e-03
3.364849999999999909e+03 -3.322499999999999933e-03 2.793014923189296624e-03
3.364929999999999836e+03 0.000000000000000000e+00 3.618551077546831168e-03
3.365000000000000000e+03 3.395790000000000093e-04 4.421098004326522689e-03
3.365079999999999927e+03 5.751890000000000388e-04 5.426507816618329066e-03
3.365150000000000091e+03 5.571070000000000015e-03 6.377393695852480969e-03
3.365230000000000018e+03 1.127470000000000035e-02 7.533980695773430207e-03
3.365300000000000182e+03 7.888479999999999798e-03 8.593680491259180279e-03
3.365380000000000109e+03 1.978220000000000152e-03 9.838397153997174849e-03
3.365449999999999818e+03 2.746660000000000160e-03 1.093546369854447690e-02
3.365530000000000200e+03 7.261280000000000165e-03 1.216808991705241837e-02
3.365599999999999909e+03 1.039089999999999979e-02 1.319940807419782251e-02
3.365679999999999836e+03 1.288070000000000014e-02 1.428650354274117393e-02
3.365750000000000000e+03 1.404840000000000082e-02 1.512428862896067830e-02
3.365829999999999927e+03 1.440699999999999967e-02 1.591143438005110725e-02
3.365900000000000091e+03 1.534759999999999944e-02 1.641761234710837833e-02
3.365980000000000018e+03 2.036529999999999938e-02 1.674970084153096922e-02
3.366050000000000182e+03 2.606699999999999989e-02 1.679650179553244041e-02
3.366130000000000109e+03 2.123529999999999862e-02 1.654358499270235441e-02
3.366199999999999818e+03 1.048430000000000022e-02 1.603718126525348689e-02
3.366280000000000200e+03 7.275720000000000277e-03 1.512124503405544093e-02
3.366349999999999909e+03 8.876830000000000484e-03 1.402367911788380758e-02
3.366429999999999836e+03 9.117890000000000023e-03 1.244041394592930797e-02
3.366500000000000000e+03 1.450180000000000045e-02 1.078451004231115347e-02
3.366579999999999927e+03 1.493389999999999995e-02 8.614304163615771684e-03
3.366650000000000091e+03 2.697789999999999824e-03 6.507132862882095310e-03
3.366730000000000018e+03 -3.988219999999999786e-03 3.911351658629273927e-03
3.366800000000000182e+03 2.356309999999999915e-03 1.524089333487503627e-03
3.366880000000000109e+03 7.309290000000000405e-03 -1.274092626393319048e-03
3.366949999999999818e+03 1.877179999999999994e-03 -3.728916016373560148e-03
3.367030000000000200e+03 -5.585269999999999818e-03 -6.476122852680743676e-03
3.367099999999999909e+03 -6.254290000000000023e-03 -8.775838336277614476e-03
3.367179999999999836e+03 -4.658680000000000113e-03 -1.122634675343545108e-02
3.367250000000000000e+03 -8.417199999999999682e-03 -1.317146974581979296e-02
3.367329999999999927e+03 -1.401260000000000006e-02 -1.512347070966771519e-02
3.367400000000000091e+03 -1.752679999999999863e-02 -1.656622136951897695e-02
3.367480000000000018e+03 -1.650249999999999981e-02 -1.788907302055560422e-02
3.367550000000000182e+03 -1.281580000000000046e-02 -1.875144830133897156e-02
3.367630000000000109e+03 -1.628430000000000155e-02 -1.939885609532282854e-02
3.367699999999999818e+03 -2.177779999999999994e-02 -1.967729553061628098e-02
3.367780000000000200e+03 -1.951960000000000153e-02 -1.968489554720180557e-02
3.367849999999999909e+03 -1.869470000000000159e-02 -1.944185449921350187e-02
3.367929999999999836e+03 -2.244610000000000008e-02 -1.891132639249822403e-02
3.368000000000000000e+03 -2.166420000000000151e-02 -1.825696265865399404e-02
3.368079999999999927e+03 -2.037169999999999953e-02 -1.733153267168545050e-02
3.368150000000000091e+03 -1.950369999999999882e-02 -1.640046493660621621e-02
3.368230000000000018e+03 -1.808049999999999935e-02 -1.523783482039428420e-02
3.368300000000000182e+03 -2.229839999999999947e-02 -1.416621678257725531e-02
3.368380000000000109e+03 -2.765839999999999965e-02 -1.291447866104838103e-02
3.368449999999999818e+03 -2.479949999999999863e-02 -1.182160495921710797e-02
3.368530000000000200e+03 -1.597550000000000012e-02 -1.060198251189720109e-02
3.368599999999999909e+03 -1.005670000000000001e-02 -9.578813213521161080e-03
3.368679999999999836e+03 -7.979969999999999425e-03 -8.476799743419237768e-03
3.368750000000000000e+03 -1.007790000000000075e-02 -7.581801977030765312e-03
3.368829999999999927e+03 -9.827650000000000274e-03 -6.646153974362300175e-03
3.368900000000000091e+03 -5.940589999999999933e-03 -5.907260155849674427e-03
3.368980000000000018e+03 -9.058780000000000651e-03 -5.154851981398630989e-03
3.369050000000000182e+03 -1.342169999999999995e-02 -4.575431112787751824e-03
3.369130000000000109e+03 -1.216040000000000003e-02 -3.999374258740123061e-03
3.369199999999999818e+03 -7.401050000000000163e-03 -3.565940319106497385e-03
3.369280000000000200e+03 -3.812649999999999893e-03 -3.144525766280935417e-03
3.369349999999999909e+03 -6.837160000000000112e-03 -2.834291296247934237e-03
3.369429999999999836e+03 -8.703449999999999728e-03 -2.538955527720287899e-03
3.369500000000000000e+03 -5.144690000000000374e-03 -2.326009277792165549e-03
3.369579999999999927e+03 -2.981650000000000186e-03 -2.127339210431275496e-03
3.369650000000000091e+03 -1.896230000000000051e-03 -1.986926681753354261e-03
3.369730000000000018e+03 -9.877029999999999317e-04 -1.858452255836957326e-03
3.369800000000000182e+03 -3.279929999999999912e-03 -1.769391141525084336e-03
3.369880000000000109e+03 -4.562599999999999989e-03 -1.689423961230326248e-03
3.369949999999999818e+03 -8.961610000000000279e-04 -1.635018799103780344e-03
3.370030000000000200e+03 3.988039999999999988e-03 -1.587048682906009710e-03
3.370099999999999909e+03 4.155589999999999805e-03 -1.554990349720994152e-03
3.370179999999999836e+03 0.000000000000000000e+00 -1.527192985868841340e-03
3.370250000000000000e+03 -2.434239999999999841e-03 -1.508896663281887335e-03
3.370329999999999927e+03 -2.207390000000000047e-03 -1.493211789848549343e-03
3.370400000000000091e+03 7.232809999999999890e-04 -1.482931084494303747e-03
3.370480000000000018e+03 2.980329999999999785e-03 -1.474015979759021487e-03
3.370550000000000182e+03 4.845000000000000348e-03 -1.467927254667662123e-03
3.370630000000000109e+03 5.147330000000000308e-03 -1.462126159176851828e-03
3.370699999999999818e+03 1.700569999999999990e-03 -1.457438427809190119e-03
3.370780000000000200e+03 2.499490000000000045e-03 -1.451758453735890048e-03
3.370849999999999909e+03 4.983089999999999915e-03 -1.445780599146911363e-03
3.370929999999999836e+03 5.149830000000000206e-03 -1.436731093571761136e-03
3.371000000000000000e+03 5.764080000000000419e-03 -1.425716540179999955e-03
3.371079999999999927e+03 7.128800000000000241e-03 -1.407746132888475048e-03
3.371150000000000091e+03 6.675740000000000320e-03 -1.385232426947557733e-03
3.371230000000000018e+03 -4.991540000000000256e-04 -1.348389604761118972e-03
3.371300000000000182e+03 -5.210339999999999937e-03 -1.302669813018365527e-03
3.371380000000000109e+03 -1.732370000000000004e-03 -1.229050132287190945e-03
3.371449999999999818e+03 -3.290100000000000229e-04 -1.139399681348185261e-03
3.371530000000000200e+03 -6.176299999999999802e-04 -9.980005193338059664e-04
3.371599999999999909e+03 3.834409999999999902e-03 -8.294237603022017614e-04
3.371679999999999836e+03 9.235159999999999203e-03 -5.693269560226481892e-04
3.371750000000000000e+03 6.549550000000000337e-03 -2.660022547788659653e-04
3.371829999999999927e+03 5.322919999999999648e-04 1.915129337942784657e-04
3.371900000000000091e+03 2.188939999999999896e-03 7.131109995468082590e-04
3.371980000000000018e+03 3.346580000000000041e-03 1.481768923039926454e-03
3.372050000000000182e+03 2.577330000000000072e-04 2.337889230439677869e-03
3.372130000000000109e+03 3.517199999999999840e-03 3.569637017766255117e-03
3.372199999999999818e+03 6.778499999999999803e-03 4.908822688937201743e-03
3.372280000000000200e+03 3.593770000000000037e-03 6.788238986806151808e-03
3.372349999999999909e+03 2.922310000000000012e-03 8.780753713682209333e-03
3.372429999999999836e+03 4.718830000000000247e-03 1.150507142731695305e-02
3.372500000000000000e+03 3.331680000000000058e-03 1.431751499685335327e-02
3.372579999999999927e+03 5.866439999999999676e-03 1.805777988843019349e-02
3.372650000000000091e+03 1.024890000000000002e-02 2.181033294260049937e-02
3.372730000000000018e+03 7.352059999999999672e-03 2.665312509161352553e-02
3.372800000000000182e+03 8.115360000000000282e-03 3.136165175651982329e-02
3.372880000000000109e+03 1.660930000000000045e-02 3.723774784179025715e-02
3.372949999999999818e+03 2.438239999999999852e-02 4.275011787170051453e-02
3.373030000000000200e+03 3.127900000000000125e-02 4.936531104541964921e-02
3.373099999999999909e+03 3.959410000000000013e-02 5.530901950764247760e-02
3.373179999999999836e+03 5.034559999999999730e-02 6.210017859330611845e-02
3.373250000000000000e+03 5.772499999999999853e-02 6.786349663616020322e-02
3.373329999999999927e+03 5.559680000000000177e-02 7.400576677696625583e-02
3.373400000000000091e+03 5.489549999999999985e-02 7.877359371732625681e-02
3.373480000000000018e+03 6.325709999999999666e-02 8.325861776395845903e-02
3.373550000000000182e+03 6.902679999999999927e-02 8.611439826852744506e-02
3.373630000000000109e+03 7.350310000000000177e-02 8.790315698735103045e-02
3.373699999999999818e+03 8.114830000000000654e-02 8.799012679251012881e-02
3.373780000000000200e+03 8.507610000000000172e-02 8.622021832865110758e-02
3.373849999999999909e+03 8.526050000000000295e-02 8.293330378318411467e-02
3.373929999999999836e+03 7.609180000000000110e-02 7.713642880291093906e-02
3.374000000000000000e+03 6.103879999999999723e-02 7.029809850257684456e-02
3.374079999999999927e+03 5.003980000000000233e-02 6.056887461584607030e-02
3.374150000000000091e+03 4.192529999999999868e-02 5.053646751395624720e-02
3.374230000000000018e+03 3.285319999999999907e-02 3.759669757968022580e-02
3.374300000000000182e+03 1.882709999999999939e-02 2.526035307548334802e-02
3.374380000000000109e+03 9.262839999999999616e-03 1.038603973621645554e-02
3.374449999999999818e+03 3.408089999999999904e-03 -2.955904522273464577e-03
3.374530000000000200e+03 -1.241289999999999928e-02 -1.813971484374136967e-02
3.374599999999999909e+03 -3.123400000000000135e-02 -3.100532290588284973e-02
3.374679999999999836e+03 -4.667580000000000340e-02 -4.481678813006754331e-02
3.374750000000000000e+03 -5.996420000000000222e-02 -5.581148028726957283e-02
3.374829999999999927e+03 -7.262079999999999924e-02 -6.681862307141894775e-02
3.374900000000000091e+03 -8.599980000000000124e-02 -7.488397721921048744e-02
3.374980000000000018e+03 -9.424670000000000269e-02 -8.214843299023927292e-02
3.375050000000000182e+03 -9.294800000000000284e-02 -8.672746007362316933e-02
3.375130000000000109e+03 -8.719949999999999923e-02 -8.992810736971010299e-02
3.375199999999999818e+03 -8.576200000000000490e-02 -9.101198816672503855e-02
3.375280000000000200e+03 -8.810389999999999888e-02 -9.042837004582500449e-02
3.375349999999999909e+03 -8.786679999999999491e-02 -8.848518024998204556e-02
3.375429999999999836e+03 -8.041460000000000274e-02 -8.486089175136578289e-02
3.375500000000000000e+03 -6.989270000000000205e-02 -8.067871597751795354e-02
3.375579999999999927e+03 -6.126550000000000051e-02 -7.501446166165751106e-02
3.375650000000000091e+03 -5.354319999999999913e-02 -6.950927048650010209e-02
3.375730000000000018e+03 -5.199499999999999955e-02 -6.284571150940873596e-02
3.375800000000000182e+03 -5.632689999999999919e-02 -5.688458597539299000e-02
3.375880000000000109e+03 -5.477250000000000174e-02 -5.012610830796698780e-02
3.375949999999999818e+03 -4.409489999999999937e-02 -4.440192715772552090e-02
3.376030000000000200e+03 -3.612390000000000045e-02 -3.821067657649381694e-02
3.376099999999999909e+03 -3.452779999999999738e-02 -3.318285779958118215e-02
3.376179999999999836e+03 -3.394490000000000007e-02 -2.794747959488386169e-02
3.376250000000000000e+03 -3.632719999999999699e-02 -2.384315403361578906e-02
3.376329999999999927e+03 -3.724689999999999945e-02 -1.970711165407423512e-02
3.376400000000000091e+03 -3.493700000000000278e-02 -1.656404269054605541e-02
3.376480000000000018e+03 -3.043639999999999887e-02 -1.348862508043193083e-02
3.376550000000000182e+03 -2.317920000000000050e-02 -1.121713126900377409e-02
3.376630000000000109e+03 -1.765689999999999968e-02 -9.054238225299739845e-03
3.376699999999999818e+03 -1.141200000000000027e-02 -7.498683675898292107e-03
3.376780000000000200e+03 -4.641929999999999841e-03 -6.055014022811890453e-03
3.376849999999999909e+03 -3.911760000000000237e-03 -5.042638439312579698e-03
3.376929999999999836e+03 -5.695480000000000161e-03 -4.125806707420433088e-03
3.377000000000000000e+03 -3.747129999999999992e-03 -3.498295608326915974e-03
3.377079999999999927e+03 -3.109789999999999863e-03 -2.943260405700567819e-03
3.377150000000000091e+03 -5.106620000000000083e-03 -2.572200450169226729e-03
3.377230000000000018e+03 -2.693710000000000201e-03 -2.251428830972886184e-03
3.377300000000000182e+03 -1.249380000000000022e-03 -2.041837267539327403e-03
3.377380000000000109e+03 -4.419939999999999806e-03 -1.864655395305864867e-03
3.377449999999999818e+03 1.005079999999999938e-04 -1.751451381783859958e-03
3.377530000000000200e+03 7.374109999999999693e-03 -1.657825283166070810e-03
3.377599999999999909e+03 4.429439999999999766e-03 -1.599309173401555631e-03
3.377679999999999836e+03 -2.640019999999999867e-03 -1.551943677953080900e-03
3.377750000000000000e+03 -3.517559999999999871e-03 -1.522975713068219035e-03
3.377829999999999927e+03 -1.343030000000000048e-03 -1.500019947870837814e-03
3.377900000000000091e+03 9.216989999999999992e-05 -1.486278162830281325e-03
3.377980000000000018e+03 3.571280000000000027e-03 -1.475614190137598683e-03
3.378050000000000182e+03 3.189110000000000208e-03 -1.469364398852339090e-03
3.378130000000000109e+03 4.581470000000000030e-04 -1.464613870543916493e-03
3.378199999999999818e+03 1.553329999999999902e-03 -1.461887603909034147e-03
3.378280000000000200e+03 2.396740000000000068e-03 -1.459857443524395764e-03
3.378349999999999909e+03 2.581570000000000045e-03 -1.458716380954386401e-03
3.378429999999999836e+03 4.899220000000000137e-03 -1.457883790748530986e-03
3.378500000000000000e+03 6.088999999999999795e-03 -1.457425410434419347e-03
3.378579999999999927e+03 6.602460000000000100e-03 -1.457097637724385749e-03
3.378650000000000091e+03 6.448330000000000381e-03 -1.456920855891239179e-03
3.378730000000000018e+03 1.464620000000000028e-03 -1.456796957086033259e-03
3.378800000000000182e+03 -2.991820000000000070e-03 -1.456731485949286191e-03
3.378880000000000109e+03 -2.468680000000000006e-03 -1.456686506581878230e-03
3.378949999999999818e+03 2.347269999999999825e-03 -1.456663217307895821e-03
3.379030000000000200e+03 5.609920000000000011e-03 -1.456647531772593991e-03
3.379099999999999909e+03 0.000000000000000000e+00 -1.456639573134313904e-03
3.379179999999999836e+03 -3.235120000000000183e-03 -1.456634317762299817e-03
3.379250000000000000e+03 6.214779999999999610e-04 -1.456631704563605923e-03
3.379329999999999927e+03 1.305799999999999973e-03 -1.456630012581127970e-03
3.379400000000000091e+03 1.786150000000000021e-03 -1.456629188018867703e-03
3.379480000000000018e+03 2.744849999999999851e-04 -1.456628664491208111e-03
3.379550000000000182e+03 -7.514780000000000418e-03 -1.456628414426871252e-03
3.379630000000000109e+03 -1.030039999999999949e-02 -1.456628258725750202e-03
3.379699999999999818e+03 -2.642869999999999855e-03 -1.456628185828431595e-03
3.379780000000000200e+03 6.937329999999999799e-04 -1.456628141313695947e-03
3.379849999999999909e+03 -5.206920000000000298e-03 -1.456628120884464073e-03
3.379929999999999836e+03 -7.085720000000000213e-03 -1.456628108648935944e-03
3.380000000000000000e+03 -5.366830000000000385e-03 -1.456628103144434142e-03
3.380079999999999927e+03 -4.051100000000000187e-03 -1.456628099910796826e-03
3.380150000000000091e+03 0.000000000000000000e+00 -1.456628098484695618e-03
3.380230000000000018e+03 2.511180000000000009e-03 -1.456628097662928485e-03
3.380300000000000182e+03 2.177880000000000094e-04 -1.456628097307635650e-03
3.380380000000000109e+03 -1.750459999999999907e-03 -1.456628097106804545e-03
3.380449999999999818e+03 -3.476589999999999889e-03 -1.456628097021678845e-03
3.380530000000000200e+03 -8.086110000000000519e-03 -1.456628096974475718e-03
3.380599999999999909e+03 -1.165270000000000021e-02 -1.456628096954859898e-03
3.380679999999999836e+03 -1.107290000000000010e-02 -1.456628096944189181e-03
3.380750000000000000e+03 -8.123329999999999787e-03 -1.456628096939841530e-03
3.380829999999999927e+03 -3.937529999999999850e-03 -1.456628096937521120e-03
3.380900000000000091e+03 0.000000000000000000e+00 -1.456628096936594344e-03
3.380980000000000018e+03 3.911109999999999760e-03 -1.456628096936109056e-03
3.381050000000000182e+03 5.546920000000000323e-03 -1.456628096935918886e-03
3.381130000000000109e+03 2.862509999999999968e-03 -1.456628096935821308e-03
3.381199999999999818e+03 3.182819999999999833e-03 -1.456628096935783795e-03
3.381280000000000200e+03 5.479389999999999782e-03 -1.456628096935764930e-03
3.381349999999999909e+03 5.492979999999999738e-03 -1.456628096935757774e-03
3.381429999999999836e+03 3.122849999999999931e-03 -1.456628096935754305e-03
3.381500000000000000e+03 1.898869999999999985e-03 -1.456628096935753004e-03
3.381579999999999927e+03 6.304019999999999589e-03 -1.456628096935752353e-03
3.381650000000000091e+03 1.003169999999999930e-02 -1.456628096935752136e-03
3.381730000000000018e+03 1.395459999999999930e-02 -1.456628096935751919e-03
3.381800000000000182e+03 1.806369999999999851e-02 -1.456628096935751919e-03
3.381880000000000109e+03 1.434979999999999936e-02 -1.456628096935751919e-03
3.381949999999999818e+03 4.801490000000000272e-03 -1.456628096935751919e-03
3.382030000000000200e+03 -2.270770000000000080e-03 -1.456628096935751919e-03
3.382099999999999909e+03 -6.026459999999999977e-03 -1.456628096935751919e-03
3.382179999999999836e+03 -8.050899999999999723e-03 -1.456628096935751919e-03
3.382250000000000000e+03 -4.319299999999999876e-03 -1.456628096935751919e-03
3.382329999999999927e+03 1.932429999999999955e-03 -1.456628096935751919e-03
3.382400000000000091e+03 4.406860000000000291e-03 -1.456628096935751919e-03
3.382480000000000018e+03 1.567610000000000097e-03 -1.456628096935751919e-03
3.382550000000000182e+03 0.000000000000000000e+00 -1.456628096935751919e-03
3.382630000000000109e+03 2.769649999999999803e-03 -1.456628096935751919e-03
3.382699999999999818e+03 4.785260000000000381e-03 -1.456628096935751919e-03
3.382780000000000200e+03 5.958409999999999922e-03 -1.456628096935751919e-03
3.382849999999999909e+03 5.566439999999999756e-03 -1.456628096935751919e-03
3.382929999999999836e+03 4.656320000000000250e-03 -1.456628096935751919e-03
3.383000000000000000e+03 4.272119999999999911e-03 -1.456628096935751919e-03
3.383079999999999927e+03 5.243000000000000264e-03 -1.456628096935751919e-03
3.383150000000000091e+03 5.036610000000000392e-03 -1.456628096935751919e-03
3.383230000000000018e+03 7.356689999999999931e-04 -1.456628096935751919e-03
3.383300000000000182e+03 -3.499239999999999816e-03 -1.456628096935751919e-03
3.383380000000000109e+03 -3.359860000000000103e-03 -1.456628096935751919e-03
3.383449999999999818e+03 -1.754300000000000087e-03 -1.456628096935751919e-03
3.383530000000000200e+03 5.004010000000000359e-04 -1.456628096935751919e-03
3.383599999999999909e+03 4.388190000000000146e-03 -1.456628096935751919e-03
3.383679999999999836e+03 5.095289999999999715e-03 -1.456628096935751919e-03
