3.320000000000000000e+03 7.567169999999999799e-03 -1.044694824215060226e-03
3.320079999999999927e+03 3.501719999999999833e-03 -1.035735069013687861e-03
3.320150000000000091e+03 4.115040000000000364e-03 -1.027667271935199522e-03
3.320230000000000018e+03 1.038290000000000046e-02 -1.018176307585394198e-03
3.320300000000000182e+03 1.073649999999999952e-02 -1.009626127134931068e-03
3.320380000000000109e+03 5.114660000000000040e-03 -9.995628325605398871e-04
3.320449999999999818e+03 2.959530000000000147e-03 -9.904926202959607982e-04
3.320530000000000200e+03 2.276820000000000146e-03 -9.798119565321522333e-04
3.320599999999999909e+03 -3.177119999999999857e-03 -9.701804480135467913e-04
3.320679999999999836e+03 -6.715519999999999996e-03 -9.588330150026524133e-04
3.320750000000000000e+03 -4.008639999999999946e-03 -9.485949174631944786e-04
3.320829999999999927e+03 -1.501299999999999900e-03 -9.365264527415284286e-04
3.320900000000000091e+03 -5.331220000000000230e-04 -9.256319782666838072e-04
3.320980000000000018e+03 -1.616459999999999902e-03 -9.127827888667694369e-04
3.321050000000000182e+03 -2.345600000000000202e-03 -9.011771248799842508e-04
3.321130000000000109e+03 -9.760969999999999890e-04 -8.874814423146191447e-04
3.321199999999999818e+03 -2.661590000000000136e-03 -8.751041497815840835e-04
3.321280000000000200e+03 -4.026649999999999674e-03 -8.604893962499722678e-04
3.321349999999999909e+03 -2.296470000000000108e-03 -8.472737243643712777e-04
3.321429999999999836e+03 0.000000000000000000e+00 -8.316596762659729091e-04
3.321500000000000000e+03 2.326920000000000117e-03 -8.175317804185822188e-04
3.321579999999999927e+03 2.017989999999999888e-03 -8.008296128082923642e-04
3.321650000000000091e+03 -8.308249999999999880e-04 -7.857076602966816615e-04
3.321730000000000018e+03 -6.808250000000000066e-03 -7.678188529879490182e-04
3.321800000000000182e+03 -1.072279999999999935e-02 -7.516119981180259578e-04
3.321880000000000109e+03 -8.916010000000000255e-03 -7.324270806248328863e-04
3.321949999999999818e+03 -8.359609999999999957e-03 -7.150342874881571121e-04
3.322030000000000200e+03 -8.571550000000000696e-03 -6.944313957751227636e-04
3.322099999999999909e+03 -6.014509999999999822e-03 -6.757400829282263297e-04
3.322179999999999836e+03 -1.859839999999999974e-03 -6.535832958463172861e-04
3.322250000000000000e+03 -1.855199999999999991e-03 -6.334677722232009370e-04
3.322329999999999927e+03 -7.951939999999999356e-03 -6.096051893488346144e-04
3.322400000000000091e+03 -1.190790000000000078e-02 -5.879248448058145820e-04
3.322480000000000018e+03 -6.610460000000000294e-03 -5.621863599374265445e-04
3.322550000000000182e+03 0.000000000000000000e+00 -5.387835666256726328e-04
3.322630000000000109e+03 5.064069999999999509e-04 -5.109782821026837007e-04
3.322699999999999818e+03 -2.863010000000000034e-03 -4.856759540885763468e-04
3.322780000000000200e+03 -6.348930000000000025e-03 -4.555891700129001930e-04
3.322849999999999909e+03 -9.083030000000000617e-03 -4.281879178350811704e-04
3.322929999999999836e+03 -1.304450000000000054e-02 -3.955776167017298686e-04
3.323000000000000000e+03 -1.156639999999999925e-02 -3.658524204003736451e-04
3.323079999999999927e+03 -3.180619999999999888e-03 -3.304451509671382705e-04
3.323150000000000091e+03 1.811069999999999911e-03 -2.981414589316767633e-04
3.323230000000000018e+03 -2.940789999999999984e-03 -2.596275026151106773e-04
3.323300000000000182e+03 -5.739250000000000428e-03 -2.244566436126870651e-04
3.323380000000000109e+03 1.681150000000000125e-04 -1.824843212796878680e-04
3.323449999999999818e+03 3.541050000000000014e-03 -1.441180922737851210e-04
3.323530000000000200e+03 3.365429999999999984e-03 -9.828703776580726206e-05
3.323599999999999909e+03 1.724950000000000051e-03 -5.635129935498465158e-05
3.323679999999999836e+03 -6.306880000000000168e-04 -6.204486808630621172e-06
3.323750000000000000e+03 -2.111850000000000185e-03 3.972844027580663996e-05
3.323829999999999927e+03 -5.610739999999999478e-04 9.471417733993708898e-05
3.323900000000000091e+03 4.414819999999999856e-03 1.451345693173496619e-04
3.323980000000000018e+03 6.100689999999999759e-03 2.055598507304931197e-04
3.324050000000000182e+03 5.465560000000000383e-03 2.610314064913775607e-04
3.324130000000000109e+03 7.319799999999999571e-03 3.275878511193009660e-04
3.324199999999999818e+03 8.621669999999999681e-03 3.887606778342259616e-04
3.324280000000000200e+03 3.962369999999999781e-03 4.622471812763553033e-04
3.324349999999999909e+03 -9.945749999999999296e-04 5.298734276101540325e-04
3.324429999999999836e+03 4.446740000000000241e-03 6.112157952033966425e-04
3.324500000000000000e+03 8.718709999999999308e-03 6.861685423889280627e-04
3.324579999999999927e+03 6.143469999999999834e-03 7.764432589056746020e-04
3.324650000000000091e+03 5.759260000000000421e-03 8.597394361691164388e-04
3.324730000000000018e+03 2.390039999999999960e-03 9.602025554833306178e-04
3.324800000000000182e+03 -1.888630000000000083e-03 1.053030846169685474e-03
3.324880000000000109e+03 -5.522119999999999503e-04 1.165153242871542691e-03
3.324949999999999818e+03 4.810049999999999742e-03 1.268908204082462750e-03
3.325030000000000200e+03 4.791069999999999704e-03 1.394418761480398401e-03
3.325099999999999909e+03 0.000000000000000000e+00 1.510742710115601118e-03
3.325179999999999836e+03 -1.340210000000000099e-03 1.651681447483669372e-03
3.325250000000000000e+03 -3.883010000000000107e-03 1.782516091385093551e-03
3.325329999999999927e+03 -4.054269999999999576e-03 1.941299786581984939e-03
3.325400000000000091e+03 -9.498659999999999482e-04 2.088950129830147509e-03
3.325480000000000018e+03 -2.121109999999999836e-03 2.268453708858176286e-03
3.325550000000000182e+03 -6.024869999999999878e-03 2.435667472214431053e-03
3.325630000000000109e+03 -8.729550000000000851e-03 2.639325362888445513e-03
3.325699999999999818e+03 -6.643679999999999898e-03 2.829392081071327621e-03
3.325780000000000200e+03 -2.952269999999999894e-03 3.061324923993554228e-03
3.325849999999999909e+03 0.000000000000000000e+00 3.278200069688522525e-03
3.325929999999999836e+03 3.639410000000000041e-03 3.543373720182228792e-03
3.326000000000000000e+03 4.402119999999999818e-03 3.791834730825176421e-03
3.326079999999999927e+03 7.512109999999999795e-03 4.096260456709706517e-03
3.326150000000000091e+03 1.002229999999999961e-02 4.382103483408708935e-03
3.326230000000000018e+03 4.244839999999999725e-03 4.733090757117450892e-03
3.326300000000000182e+03 -1.894110000000000064e-03 5.063379392880412895e-03
3.326380000000000109e+03 -2.365959999999999851e-03 5.469855770235320866e-03
3.326449999999999818e+03 2.829939999999999973e-03 5.853235996068579215e-03
3.326530000000000200e+03 7.106000000000000337e-03 6.326152285889647710e-03
3.326599999999999909e+03 7.292850000000000027e-03 6.773251360490762339e-03
3.326679999999999836e+03 4.471329999999999923e-03 7.326094479384295290e-03
3.326750000000000000e+03 3.306170000000000202e-03 7.850025242027568184e-03
3.326829999999999927e+03 1.024470000000000068e-02 8.499465316437315038e-03
3.326900000000000091e+03 1.570859999999999965e-02 9.116460661044555741e-03
3.326980000000000018e+03 1.193269999999999921e-02 9.883161813157122916e-03
3.327050000000000182e+03 6.316869999999999603e-03 1.061336524500257339e-02
3.327130000000000109e+03 6.965210000000000325e-03 1.152298823126241337e-02
3.327199999999999818e+03 9.443379999999999483e-03 1.239142180056470796e-02
3.327280000000000200e+03 8.271870000000000611e-03 1.347583525417678924e-02
3.327349999999999909e+03 3.840479999999999849e-03 1.451354826386258220e-02
3.327429999999999836e+03 1.780929999999999905e-04 1.581223152453778077e-02
3.327500000000000000e+03 3.813469999999999794e-03 1.705758719061913412e-02
3.327579999999999927e+03 1.045130000000000017e-02 1.861912745182432022e-02
3.327650000000000091e+03 1.297839999999999931e-02 2.011908075029188864e-02
3.327730000000000018e+03 1.174809999999999917e-02 2.200249390516041681e-02
3.327800000000000182e+03 1.212569999999999967e-02 2.381349610584006585e-02
3.327880000000000109e+03 1.621420000000000153e-02 2.608874668086732379e-02
3.327949999999999818e+03 2.114749999999999963e-02 2.827647709583294700e-02
3.328030000000000200e+03 2.559780000000000041e-02 3.102288010525158096e-02
3.328099999999999909e+03 2.810759999999999995e-02 3.365917210401856569e-02
3.328179999999999836e+03 2.876010000000000025e-02 3.695906269058773369e-02
3.328250000000000000e+03 3.188959999999999712e-02 4.011287034182111494e-02
3.328329999999999927e+03 3.981690000000000229e-02 4.403563639007298386e-02
3.328400000000000091e+03 4.886560000000000209e-02 4.775231035976009591e-02
3.328480000000000018e+03 5.376210000000000017e-02 5.232021394363256528e-02
3.328550000000000182e+03 5.759859999999999980e-02 5.657954187567388465e-02
3.328630000000000109e+03 6.458999999999999464e-02 6.170196739719894380e-02
3.328699999999999818e+03 7.362219999999999875e-02 6.634143230592148832e-02
3.328780000000000200e+03 8.418950000000000045e-02 7.170123236132049105e-02
3.328849999999999909e+03 9.171669999999999823e-02 7.629186449056583885e-02
3.328929999999999836e+03 9.590709999999999513e-02 8.117671558358124928e-02
3.329000000000000000e+03 9.681240000000000678e-02 8.485939044662794972e-02
3.329079999999999927e+03 9.537779999999999869e-02 8.797695050937102967e-02
3.329150000000000091e+03 9.521759999999999946e-02 8.933450116249816442e-02
3.329230000000000018e+03 9.088000000000000245e-02 8.876507232609126552e-02
3.329300000000000182e+03 8.438959999999999517e-02 8.593629288844444047e-02
3.329380000000000109e+03 8.051560000000000661e-02 7.953565641781394635e-02
3.329449999999999818e+03 6.973079999999999556e-02 7.087525196541837047e-02
3.329530000000000200e+03 5.640370000000000106e-02 5.740597305516897952e-02
3.329599999999999909e+03 4.563799999999999801e-02 4.273331366056998953e-02
3.329679999999999836e+03 2.952250000000000013e-02 2.334979100770778401e-02
3.329750000000000000e+03 1.262019999999999982e-02 4.977867892909771698e-03
3.329829999999999927e+03 -7.236320000000000079e-03 -1.634661177006556387e-02
3.329900000000000091e+03 -2.708609999999999837e-02 -3.417174287094664614e-02
3.329980000000000018e+03 -4.314130000000000048e-02 -5.239991050879698464e-02
3.330050000000000182e+03 -6.168880000000000197e-02 -6.573472903427388103e-02
3.330130000000000109e+03 -7.311479999999999368e-02 -7.749430419296146622e-02
3.330199999999999818e+03 -7.460819999999999952e-02 -8.465293952172420200e-02
3.330280000000000200e+03 -7.437850000000000017e-02 -8.947305092329981002e-02
3.330349999999999909e+03 -7.685259999999999314e-02 -9.111359237498649344e-02
3.330429999999999836e+03 -8.031050000000000688e-02 -9.058857832869414428e-02
3.330500000000000000e+03 -8.017739999999999589e-02 -8.850543998055022954e-02
3.330579999999999927e+03 -7.897079999999999378e-02 -8.479986753743123939e-02
3.330650000000000091e+03 -7.631419999999999870e-02 -8.078233713852857323e-02
3.330730000000000018e+03 -6.870660000000000656e-02 -7.567840977392606416e-02
3.330800000000000182e+03 -5.948590000000000128e-02 -7.100579483465049857e-02
3.330880000000000109e+03 -5.401310000000000139e-02 -6.564267870422077489e-02
3.330949999999999818e+03 -5.267360000000000098e-02 -6.105525724836261686e-02
3.331030000000000200e+03 -5.194669999999999843e-02 -5.603242529739328737e-02
3.331099999999999909e+03 -4.608299999999999896e-02 -5.188097897334308095e-02
3.331179999999999836e+03 -3.823030000000000178e-02 -4.744750536043023520e-02
3.331250000000000000e+03 -2.956320000000000128e-02 -4.385076317707063687e-02
3.331329999999999927e+03 -2.253509999999999888e-02 -4.006162320001446092e-02
3.331400000000000091e+03 -2.553240000000000023e-02 -3.701841100997001893e-02
3.331480000000000018e+03 -2.600970000000000018e-02 -3.383524679128770835e-02
3.331550000000000182e+03 -1.889139999999999917e-02 -3.129150216870067724e-02
3.331630000000000109e+03 -1.368849999999999928e-02 -2.863931060752998234e-02
3.331699999999999818e+03 -1.273889999999999918e-02 -2.652382378478220989e-02
3.331780000000000200e+03 -1.581460000000000157e-02 -2.431971792383411449e-02
3.331849999999999909e+03 -1.796210000000000168e-02 -2.256133026797506325e-02
3.331929999999999836e+03 -1.571789999999999993e-02 -2.072756337368847346e-02
3.332000000000000000e+03 -1.392780000000000060e-02 -1.926235647489065936e-02
3.332079999999999927e+03 -1.566079999999999903e-02 -1.773116615487844994e-02
3.332150000000000091e+03 -1.320739999999999935e-02 -1.650463814556335854e-02
3.332230000000000018e+03 -5.945660000000000181e-03 -1.521914977606918240e-02
3.332300000000000182e+03 -4.287759999999999835e-03 -1.418608432197442440e-02
3.332380000000000109e+03 -5.886060000000000250e-03 -1.309950146101428181e-02
3.332449999999999818e+03 -4.649939999999999976e-03 -1.222291173666490913e-02
3.332530000000000200e+03 -4.735879999999999604e-03 -1.129710077147634550e-02
3.332599999999999909e+03 -6.407679999999999799e-03 -1.054691503242010872e-02
3.332679999999999836e+03 -4.622030000000000062e-03 -9.750899692729235457e-03
3.332750000000000000e+03 -4.578459999999999800e-04 -9.102685305057320667e-03
3.332829999999999927e+03 -3.365439999999999925e-03 -8.411267217373499458e-03
3.332900000000000091e+03 -9.748200000000000268e-03 -7.845106788704751810e-03
3.332980000000000018e+03 -9.007100000000000523e-03 -7.237683255355405187e-03
3.333050000000000182e+03 -8.139220000000000829e-03 -6.737230219039109201e-03
3.333130000000000109e+03 -8.579939999999999442e-03 -6.196814421086075872e-03
3.333199999999999818e+03 -6.548909999999999801e-03 -5.748517935991493376e-03
3.333280000000000200e+03 -2.933840000000000059e-03 -5.260939913941605622e-03
3.333349999999999909e+03 5.652289999999999918e-04 -4.853415186865032808e-03
3.333429999999999836e+03 6.844789999999999902e-05 -4.406673737305078810e-03
3.333500000000000000e+03 -1.507010000000000034e-03 -4.030191118091594471e-03
3.333579999999999927e+03 -3.401490000000000069e-03 -3.613926873836152687e-03
3.333650000000000091e+03 -7.815380000000000243e-03 -3.259995024950690292e-03
3.333730000000000018e+03 -1.073889999999999914e-02 -2.865058477611775404e-03
3.333800000000000182e+03 -1.185019999999999997e-02 -2.526080610625289474e-03
3.333880000000000109e+03 -1.015469999999999914e-02 -2.144173421987922989e-03
3.333949999999999818e+03 -4.644930000000000239e-03 -1.813159754009782947e-03
3.334030000000000200e+03 -1.703599999999999993e-03 -1.436532519594091624e-03
3.334099999999999909e+03 -1.565070000000000003e-03 -1.106856350878085947e-03
3.334179999999999836e+03 -1.885390000000000026e-03 -7.280509107898572134e-04
3.334250000000000000e+03 0.000000000000000000e+00 -3.932401842780294636e-04
3.334329999999999927e+03 5.672970000000000269e-03 -4.869979902308828323e-06
3.334400000000000091e+03 8.984650000000000275e-03 3.415686587958997704e-04
3.334480000000000018e+03 4.517789999999999827e-03 7.470000504393942489e-04
3.334550000000000182e+03 -1.727379999999999931e-03 1.111720964138707309e-03
3.334630000000000109e+03 -2.582909999999999894e-03 1.541953898568611432e-03
3.334699999999999818e+03 -1.846549999999999971e-03 1.931862623513804725e-03
3.334780000000000200e+03 -9.417270000000000046e-06 2.394945436488385253e-03
3.334849999999999909e+03 2.189379999999999885e-03 2.817211536903597123e-03
3.334929999999999836e+03 2.887840000000000025e-03 3.321451501711665706e-03
3.335000000000000000e+03 4.801950000000000142e-03 3.783394200913698692e-03
3.335079999999999927e+03 7.608539999999999574e-03 4.337121030939463003e-03
3.335150000000000091e+03 9.786160000000000345e-03 4.845884051809889667e-03
3.335230000000000018e+03 8.732399999999999538e-03 5.456904647087527059e-03
3.335300000000000182e+03 4.618200000000000256e-03 6.018787151021541028e-03
3.335380000000000109e+03 -2.733289999999999982e-04 6.693342963371655581e-03
3.335449999999999818e+03 1.604879999999999935e-03 7.312584833781444506e-03
3.335530000000000200e+03 7.801879999999999753e-03 8.053534327850025987e-03
3.335599999999999909e+03 6.538419999999999649e-03 8.730269292084563704e-03
3.335679999999999836e+03 6.568759999999999877e-03 9.534118892089184921e-03
3.335750000000000000e+03 9.672000000000000042e-03 1.026112914967356252e-02
3.335829999999999927e+03 6.138779999999999931e-03 1.111347037180832747e-02
3.335900000000000091e+03 6.817010000000000083e-03 1.187136447031847050e-02
3.335980000000000018e+03 1.214349999999999978e-02 1.274035467531539623e-02
3.336050000000000182e+03 1.022969999999999956e-02 1.349099077991677137e-02
3.336130000000000109e+03 6.570140000000000355e-03 1.431897184409253870e-02
3.336199999999999818e+03 9.439049999999999177e-03 1.499763039720785826e-02
3.336280000000000200e+03 1.936200000000000074e-02 1.569219505920230878e-02
3.336349999999999909e+03 2.343430000000000166e-02 1.620054509242649723e-02
3.336429999999999836e+03 1.777990000000000126e-02 1.662874745811332780e-02
3.336500000000000000e+03 1.647190000000000112e-02 1.683328466615653315e-02
3.336579999999999927e+03 2.074269999999999933e-02 1.682615666041646640e-02
3.336650000000000091e+03 2.541229999999999878e-02 1.656985972130576093e-02
3.336730000000000018e+03 2.551360000000000086e-02 1.594714330395647500e-02
3.336800000000000182e+03 1.661649999999999933e-02 1.508281050252022887e-02
3.336880000000000109e+03 7.530099999999999641e-03 1.370511503909947748e-02
3.336949999999999818e+03 8.186139999999999736e-03 1.215199266151922169e-02
3.337030000000000200e+03 1.455749999999999926e-02 9.993410835854938529e-03
3.337099999999999909e+03 1.527019999999999940e-02 7.800814816478022877e-03
3.337179999999999836e+03 1.027010000000000076e-02 5.010501625405072018e-03
3.337250000000000000e+03 5.411570000000000095e-03 2.391260362986996450e-03
3.337329999999999927e+03 -1.044180000000000021e-04 -7.033929377650510002e-04
3.337400000000000091e+03 -3.625000000000000184e-03 -3.407041071718748537e-03
3.337480000000000018e+03 -9.053079999999999591e-04 -6.381805313686549769e-03
3.337550000000000182e+03 3.431519999999999970e-03 -8.799666127148806499e-03
3.337630000000000109e+03 8.662150000000000405e-04 -1.126813989091265608e-02
3.337699999999999818e+03 -4.761900000000000334e-03 -1.311931062239643855e-02
3.337780000000000200e+03 -2.671179999999999995e-03 -1.484622291441187528e-02
3.337849999999999909e+03 -3.783270000000000036e-03 -1.600732971330448909e-02
3.337929999999999836e+03 -1.251829999999999957e-02 -1.694372182568064378e-02
3.338000000000000000e+03 -1.790359999999999868e-02 -1.744307911613485890e-02
3.338079999999999927e+03 -1.989430000000000018e-02 -1.768567659091489774e-02
3.338150000000000091e+03 -2.142729999999999982e-02 -1.764801151099229873e-02
3.338230000000000018e+03 -2.147709999999999897e-02 -1.736622956890005939e-02
3.338300000000000182e+03 -1.411259999999999945e-02 -1.694943362951163712e-02
3.338380000000000109e+03 -1.043000000000000003e-02 -1.632165767615848667e-02
3.338449999999999818e+03 -1.678930000000000006e-02 -1.567218000812159798e-02
3.338530000000000200e+03 -1.895350000000000160e-02 -1.484886492710348407e-02
3.338599999999999909e+03 -1.701010000000000022e-02 -1.408103076478876836e-02
3.338679999999999836e+03 -1.585860000000000047e-02 -1.317221235354863046e-02
3.338750000000000000e+03 -1.333720000000000044e-02 -1.236484937534509249e-02
3.338829999999999927e+03 -1.263459999999999930e-02 -1.144232408303065898e-02
3.338900000000000091e+03 -1.099900000000000010e-02 -1.064405795415038561e-02
3.338980000000000018e+03 -7.837669999999999706e-03 -9.749514436604777429e-03
3.339050000000000182e+03 -1.019830000000000042e-02 -8.986604133866211985e-03
3.339130000000000109e+03 -1.157159999999999959e-02 -8.140510574014400355e-03
3.339199999999999818e+03 -7.649259999999999740e-03 -7.424105865196082600e-03
3.339280000000000200e+03 -4.116240000000000177e-03 -6.633114701730351628e-03
3.339349999999999909e+03 -1.594990000000000123e-04 -5.964857252244421155e-03
3.339429999999999836e+03 1.750559999999999963e-03 -5.227198555700214751e-03
3.339500000000000000e+03 -1.033590000000000030e-03 -4.603113183094115213e-03
3.339579999999999927e+03 -3.403340000000000250e-04 -3.912195669311656701e-03
3.339650000000000091e+03 2.295600000000000071e-03 -3.325196375969606891e-03
3.339730000000000018e+03 2.682620000000000143e-03 -2.671848708567393232e-03
3.339800000000000182e+03 5.120030000000000241e-03 -2.113244123765759160e-03
3.339880000000000109e+03 6.160770000000000308e-03 -1.487009498914707364e-03
3.339949999999999818e+03 3.750170000000000153e-03 -9.473313913139656470e-04
3.340030000000000200e+03 0.000000000000000000e+00 -3.371354261026684659e-04
3.340099999999999909e+03 -3.509169999999999824e-03 1.934736192658811915e-04
3.340179999999999836e+03 -3.590639999999999978e-03 7.990588100005458633e-04
3.340250000000000000e+03 -1.953019999999999973e-03 1.330740377107337072e-03
3.340329999999999927e+03 -1.988020000000000065e-03 1.943491618525384004e-03
3.340400000000000091e+03 -2.388250000000000182e-03 2.486750100193713814e-03
3.340480000000000018e+03 1.223619999999999916e-03 3.118960985878369875e-03
3.340550000000000182e+03 6.340939999999999771e-03 3.684868657751251900e-03
3.340630000000000109e+03 8.612720000000000792e-03 4.349642283565172997e-03
3.340699999999999818e+03 9.638839999999999214e-03 4.950142285461678858e-03
3.340780000000000200e+03 5.890030000000000092e-03 5.661788606774231618e-03
3.340849999999999909e+03 -2.210170000000000017e-03 6.310087162444510782e-03
3.340929999999999836e+03 -8.866570000000000701e-03 7.084623861507584851e-03
3.341000000000000000e+03 -1.023529999999999926e-02 7.795677454078634057e-03
3.341079999999999927e+03 -5.836570000000000126e-03 8.651447611783269487e-03
3.341150000000000091e+03 -7.216809999999999501e-04 9.442562128337907840e-03
3.341230000000000018e+03 5.052240000000000376e-03 1.040099384376255362e-02
3.341300000000000182e+03 8.528050000000000561e-03 1.129256240759293414e-02
3.341380000000000109e+03 8.731769999999999810e-03 1.237910603479587535e-02
3.341449999999999818e+03 8.031979999999999328e-03 1.339552100465156437e-02
3.341530000000000200e+03 7.985420000000000018e-03 1.464080906486630099e-02
3.341599999999999909e+03 8.583669999999999842e-03 1.581159108390578147e-02
3.341679999999999836e+03 9.593330000000000607e-03 1.725287285002741547e-02
3.341750000000000000e+03 1.497530000000000042e-02 1.861406375654241913e-02
3.341829999999999927e+03 1.789980000000000043e-02 2.029696706490869904e-02
3.341900000000000091e+03 1.944629999999999970e-02 2.189282868323494044e-02
3.341980000000000018e+03 2.314269999999999869e-02 2.387348681529785632e-02
3.342050000000000182e+03 2.180210000000000134e-02 2.575852286171391795e-02
3.342130000000000109e+03 2.094520000000000062e-02 2.810605590333551534e-02
3.342199999999999818e+03 2.441729999999999942e-02 3.034730661392714968e-02
3.342280000000000200e+03 2.285229999999999900e-02 3.314652777516303300e-02
3.342349999999999909e+03 1.785799999999999887e-02 3.582593153423518223e-02
3.342429999999999836e+03 2.120939999999999978e-02 3.917988835937305514e-02
3.342500000000000000e+03 2.999390000000000042e-02 4.239617603532806756e-02
3.342579999999999927e+03 3.520020000000000093e-02 4.642760080278202778e-02
3.342650000000000091e+03 3.898719999999999963e-02 5.029652926281114045e-02
3.342730000000000018e+03 4.300280000000000075e-02 5.514622248980214497e-02
3.342800000000000182e+03 4.668069999999999858e-02 5.979668978276282687e-02
3.342880000000000109e+03 5.567369999999999958e-02 6.561489580813965883e-02
3.342949999999999818e+03 6.879559999999999842e-02 7.117618093885881569e-02
3.343030000000000200e+03 7.868509999999999394e-02 7.809956113870887562e-02
3.343099999999999909e+03 8.578429999999999389e-02 8.467106210196662097e-02
3.343179999999999836e+03 9.451110000000000066e-02 9.277239851816425353e-02
3.343250000000000000e+03 1.083879999999999982e-01 1.003616063180684803e-01
3.343329999999999927e+03 1.253519999999999912e-01 1.095523934780340686e-01
3.343400000000000091e+03 1.395220000000000071e-01 1.179611600926268322e-01
3.343480000000000018e+03 1.508720000000000061e-01 1.278233567890576239e-01
3.343550000000000182e+03 1.607989999999999975e-01 1.364645134851361352e-01
3.343630000000000109e+03 1.709160000000000124e-01 1.460021155746456245e-01
3.343699999999999818e+03 1.815980000000000094e-01 1.536587884736646259e-01
3.343780000000000200e+03 1.893509999999999915e-01 1.610252617693136989e-01
3.343849999999999909e+03 1.894609999999999905e-01 1.656578760444623599e-01
3.343929999999999836e+03 1.836969999999999992e-01 1.680659098221450320e-01
3.344000000000000000e+03 1.766800000000000037e-01 1.669324601770430239e-01
3.344079999999999927e+03 1.665820000000000078e-01 1.611279639488091275e-01
3.344150000000000091e+03 1.507469999999999921e-01 1.515623613501374811e-01
3.344230000000000018e+03 1.294210000000000083e-01 1.351366387876972164e-01
3.344300000000000182e+03 1.093149999999999955e-01 1.159699123054555997e-01
3.344380000000000109e+03 8.735750000000000459e-02 8.903968440128731676e-02
3.344449999999999818e+03 6.029120000000000312e-02 6.182109196041189053e-02
3.344530000000000200e+03 3.364000000000000323e-02 2.779164763977297337e-02
3.344599999999999909e+03 2.101879999999999981e-03 -3.274756678888957398e-03
3.344679999999999836e+03 -3.216990000000000127e-02 -3.861546790502972532e-02
3.344750000000000000e+03 -6.358969999999999900e-02 -6.803348194691187512e-02
3.344829999999999927e+03 -9.187770000000000659e-02 -9.845871720471324751e-02
3.344900000000000091e+03 -1.145830000000000043e-01 -1.212839564708715484e-01
3.344980000000000018e+03 -1.354259999999999908e-01 -1.422186332049579227e-01
3.345050000000000182e+03 -1.495299999999999963e-01 -1.557166685531563566e-01
3.345130000000000109e+03 -1.544399999999999940e-01 -1.656935875983743256e-01
3.345199999999999818e+03 -1.627859999999999863e-01 -1.700112894921048667e-01
3.345280000000000200e+03 -1.711840000000000028e-01 -1.705869229595264047e-01
3.345349999999999909e+03 -1.760460000000000080e-01 -1.679652103974154931e-01
3.345429999999999836e+03 -1.785940000000000027e-01 -1.622491519524852654e-01
3.345500000000000000e+03 -1.706060000000000076e-01 -1.555379564200700393e-01
3.345579999999999927e+03 -1.586210000000000120e-01 -1.466125350189726173e-01
3.345650000000000091e+03 -1.479870000000000074e-01 -1.381845287846743819e-01
3.345730000000000018e+03 -1.362619999999999942e-01 -1.282932915989787037e-01
3.345800000000000182e+03 -1.239289999999999975e-01 -1.196892173766224421e-01
3.345880000000000109e+03 -1.080480000000000051e-01 -1.101474534972912006e-01
3.345949999999999818e+03 -9.724739999999999773e-02 -1.021823795998442058e-01
3.346030000000000200e+03 -9.636480000000000046e-02 -9.361123629515338829e-02
3.346099999999999909e+03 -9.051240000000000674e-02 -8.661648847622829828e-02
3.346179999999999836e+03 -7.928709999999999924e-02 -7.921454698084874624e-02
3.346250000000000000e+03 -7.246500000000000163e-02 -7.324954514591429378e-02
3.346329999999999927e+03 -6.434929999999999817e-02 -6.699490999501632460e-02
3.346400000000000091e+03 -5.307169999999999943e-02 -6.198803734064887994e-02
3.346480000000000018e+03 -4.573150000000000132e-02 -5.676205854952404845e-02
3.346550000000000182e+03 -4.259539999999999854e-02 -5.259126927813431024e-02
3.346630000000000109e+03 -4.158409999999999884e-02 -4.824536920447706351e-02
3.346699999999999818e+03 -4.038710000000000216e-02 -4.477938575814921496e-02
3.346780000000000200e+03 -4.008149999999999907e-02 -4.116732914992488057e-02
3.346849999999999909e+03 -4.119500000000000245e-02 -3.828425224895190548e-02
3.346929999999999836e+03 -3.716780000000000084e-02 -3.527552132082179687e-02
3.347000000000000000e+03 -3.478060000000000179e-02 -3.286960167293898755e-02
3.347079999999999927e+03 -3.658920000000000228e-02 -3.035325636870786145e-02
3.347150000000000091e+03 -3.391720000000000151e-02 -2.833595356383135366e-02
3.347230000000000018e+03 -3.014539999999999928e-02 -2.622011754275013762e-02
3.347300000000000182e+03 -2.354830000000000118e-02 -2.451869135568359587e-02
3.347380000000000109e+03 -1.956950000000000009e-02 -2.272830565096949432e-02
3.347449999999999818e+03 -2.302919999999999967e-02 -2.128355772184396116e-02
3.347530000000000200e+03 -2.000230000000000063e-02 -1.975767772326692331e-02
3.347599999999999909e+03 -1.617319999999999869e-02 -1.852159590445151549e-02
3.347679999999999836e+03 -2.157569999999999974e-02 -1.721079754773020831e-02
3.347750000000000000e+03 -2.464739999999999986e-02 -1.614441561038401987e-02
3.347829999999999927e+03 -2.115030000000000035e-02 -1.500852432093482611e-02
3.347900000000000091e+03 -1.824109999999999968e-02 -1.408009690948192755e-02
3.347980000000000018e+03 -1.777429999999999982e-02 -1.308628717902910604e-02
3.348050000000000182e+03 -1.826080000000000064e-02 -1.226978347240693934e-02
3.348130000000000109e+03 -1.696189999999999851e-02 -1.139102546689346393e-02
3.348199999999999818e+03 -1.781479999999999869e-02 -1.066490626745767237e-02
3.348280000000000200e+03 -2.256669999999999857e-02 -9.878710183955672491e-03
3.348349999999999909e+03 -2.263580000000000106e-02 -9.224941832559133137e-03
3.348429999999999836e+03 -1.951589999999999922e-02 -8.512346208949328821e-03
3.348500000000000000e+03 -1.648669999999999997e-02 -7.915605625443286608e-03
3.348579999999999927e+03 -1.496040000000000043e-02 -7.260360294955962857e-03
3.348650000000000091e+03 -1.562509999999999941e-02 -6.707391212291843874e-03
3.348730000000000018e+03 -1.422350000000000003e-02 -6.095293352402942656e-03
3.348800000000000182e+03 -1.242839999999999917e-02 -5.574381117369387427e-03
3.348880000000000109e+03 -1.272799999999999973e-02 -4.992731427823650023e-03
3.348949999999999818e+03 -1.360719999999999985e-02 -4.493271315006635430e-03
3.349030000000000200e+03 -1.242850000000000031e-02 -3.930426044552000862e-03
3.349099999999999909e+03 -1.073720000000000056e-02 -3.442567708876255114e-03
3.349179999999999836e+03 -7.715969999999999947e-03 -2.887571269797122812e-03
3.349250000000000000e+03 -3.084439999999999925e-03 -2.401930263130468840e-03
3.349329999999999927e+03 -2.070450000000000155e-03 -1.844223436635488702e-03
3.349400000000000091e+03 -1.982349999999999911e-03 -1.351660707456254574e-03
3.349480000000000018e+03 -8.459939999999999778e-04 -7.808725113891516745e-04
3.349550000000000182e+03 -4.704730000000000066e-04 -2.723561814549800217e-04
3.349630000000000109e+03 3.555829999999999842e-03 3.217943082314224032e-04
3.349699999999999818e+03 6.303890000000000361e-03 8.552113732670060982e-04
3.349780000000000200e+03 7.080279999999999777e-04 1.482850242185607039e-03
3.349849999999999909e+03 -5.773699999999999666e-03 2.049875072988394890e-03
3.349929999999999836e+03 -5.750240000000000212e-03 2.720653185351252536e-03
3.350000000000000000e+03 0.000000000000000000e+00 3.329315566954587670e-03
3.350079999999999927e+03 4.211010000000000274e-03 4.051682305743384629e-03
3.350150000000000091e+03 2.659910000000000139e-03 4.708452147577491149e-03
3.350230000000000018e+03 9.461629999999999737e-04 5.488293717327732794e-03
3.350300000000000182e+03 3.264550000000000177e-03 6.196510773805853287e-03
3.350380000000000109e+03 4.405400000000000288e-03 7.034826119848263358e-03
3.350449999999999818e+03 5.680489999999999845e-03 7.792112790299294232e-03
3.350530000000000200e+03 9.838200000000000070e-03 8.681309155735554561e-03
3.350599999999999909e+03 1.404919999999999954e-02 9.475579838650334541e-03
3.350679999999999836e+03 1.676019999999999940e-02 1.039395816438417469e-02
3.350750000000000000e+03 1.389759999999999954e-02 1.119771006423138718e-02
3.350829999999999927e+03 1.091710000000000076e-02 1.210194443881829757e-02
3.350900000000000091e+03 1.494290000000000028e-02 1.286491892930519826e-02
3.350980000000000018e+03 2.240179999999999949e-02 1.368112345684579720e-02
3.351050000000000182e+03 2.161439999999999889e-02 1.432249944616605097e-02
3.351130000000000109e+03 1.425399999999999931e-02 1.493825087003191818e-02
3.351199999999999818e+03 1.478469999999999958e-02 1.534163297170016912e-02
3.351280000000000200e+03 1.416350000000000074e-02 1.560433899486901935e-02
3.351349999999999909e+03 9.898080000000000073e-03 1.562184539975959574e-02
3.351429999999999836e+03 1.150319999999999988e-02 1.535233965457405078e-02
3.351500000000000000e+03 1.220500000000000057e-02 1.482648451516603572e-02
3.351579999999999927e+03 1.209589999999999971e-02 1.385746656027319820e-02
3.351650000000000091e+03 1.252589999999999953e-02 1.266709647095307784e-02
3.351730000000000018e+03 1.017760000000000019e-02 1.090805472117355526e-02
3.351800000000000182e+03 8.403479999999999631e-03 9.032060718968705493e-03
3.351880000000000109e+03 7.922260000000000413e-03 6.541741591594944262e-03
3.351949999999999818e+03 4.968300000000000147e-03 4.112715441448029467e-03
3.352030000000000200e+03 -1.064870000000000096e-03 1.136523619565702956e-03
3.352099999999999909e+03 -3.853619999999999875e-03 -1.557196148869089639e-03
3.352179999999999836e+03 -2.724020000000000174e-03 -4.627189212836817916e-03
3.352250000000000000e+03 -2.932280000000000216e-03 -7.213628096010751140e-03
3.352329999999999927e+03 -6.251740000000000422e-03 -9.955093815543207547e-03
3.352400000000000091e+03 -1.368579999999999970e-02 -1.209685609473305432e-02
3.352480000000000018e+03 -1.646150000000000044e-02 -1.419071736872856010e-02
3.352550000000000182e+03 -1.298020000000000077e-02 -1.568367744915894618e-02
3.352630000000000109e+03 -1.445650000000000060e-02 -1.699106820025287831e-02
3.352699999999999818e+03 -2.010299999999999934e-02 -1.779425518419783595e-02
3.352780000000000200e+03 -2.598889999999999881e-02 -1.834903371288963345e-02
3.352849999999999909e+03 -3.027149999999999980e-02 -1.854838565723349736e-02
3.352929999999999836e+03 -2.763300000000000131e-02 -1.849373385937146466e-02
3.353000000000000000e+03 -2.374470000000000053e-02 -1.823804116872128345e-02
3.353079999999999927e+03 -2.576989999999999836e-02 -1.775439116446705587e-02
3.353150000000000091e+03 -2.726069999999999882e-02 -1.719973168654790815e-02
3.353230000000000018e+03 -2.612710000000000032e-02 -1.645412483338943091e-02
3.353300000000000182e+03 -2.167550000000000032e-02 -1.573187085056361803e-02
3.353380000000000109e+03 -1.532060000000000019e-02 -1.485458763703984345e-02
3.353449999999999818e+03 -1.170009999999999974e-02 -1.406070843085286542e-02
3.353530000000000200e+03 -1.007339999999999972e-02 -1.314155760416510152e-02
3.353599999999999909e+03 -1.252250000000000064e-02 -1.233865143929457550e-02
3.353679999999999836e+03 -1.654920000000000002e-02 -1.143307492698963229e-02
3.353750000000000000e+03 -1.374709999999999994e-02 -1.065752971905780874e-02
3.353829999999999927e+03 -7.062350000000000225e-03 -9.795561773264599426e-03
3.353900000000000091e+03 -5.925689999999999950e-03 -9.065335670675290364e-03
3.353980000000000018e+03 -7.879360000000000183e-03 -8.259884672207760264e-03
3.354050000000000182e+03 -6.931370000000000066e-03 -7.580975146778377860e-03
3.354130000000000109e+03 -5.512350000000000062e-03 -6.834212215918581725e-03
3.354199999999999818e+03 -5.883669999999999699e-03 -6.205365442733036876e-03
3.354280000000000200e+03 -7.337259999999999963e-03 -5.513165690442838746e-03
3.354349999999999909e+03 -1.052480000000000082e-02 -4.929023852351346879e-03
3.354429999999999836e+03 -9.871400000000000660e-03 -4.283833337978587737e-03
3.354500000000000000e+03 -3.828610000000000086e-03 -3.736900260427823868e-03
3.354579999999999927e+03 0.000000000000000000e+00 -3.129468486368025115e-03
3.354650000000000091e+03 2.246870000000000204e-03 -2.611255288332767210e-03
3.354730000000000018e+03 4.914049999999999668e-03 -2.031603133809031878e-03
3.354800000000000182e+03 4.029330000000000238e-03 -1.533234060216997043e-03
3.354880000000000109e+03 -1.766969999999999923e-04 -9.711274094340645747e-04
3.354949999999999818e+03 -1.856639999999999896e-03 -4.836014385731144099e-04
3.355030000000000200e+03 7.552919999999999643e-04 7.128759340044484027e-05
3.355099999999999909e+03 4.495159999999999781e-03 5.570518712118208149e-04
3.355179999999999836e+03 5.252739999999999666e-03 1.115181000441536376e-03
3.355250000000000000e+03 3.965210000000000262e-03 1.608438970844794542e-03
3.355329999999999927e+03 4.310900000000000322e-03 2.180560798417371937e-03
3.355400000000000091e+03 4.793419999999999626e-03 2.690929394492004925e-03
3.355480000000000018e+03 7.009940000000000095e-03 3.288348866573477004e-03
3.355550000000000182e+03 8.301390000000000505e-03 3.826066397305879531e-03
3.355630000000000109e+03 9.106750000000000261e-03 4.460975510238583859e-03
3.355699999999999818e+03 1.072810000000000083e-02 5.037227572477682470e-03
3.355780000000000200e+03 8.027219999999999842e-03 5.723117120058449948e-03
3.355849999999999909e+03 8.620509999999999631e-03 6.350433630462454758e-03
3.355929999999999836e+03 1.406239999999999921e-02 7.102593036178530585e-03
3.356000000000000000e+03 1.960639999999999952e-02 7.795330288419181387e-03
3.356079999999999927e+03 2.154760000000000009e-02 8.631455975985417167e-03
3.356150000000000091e+03 1.416270000000000029e-02 9.406385480141356975e-03
3.356230000000000018e+03 8.501399999999999235e-03 1.034732699378079421e-02
3.356300000000000182e+03 9.771480000000000790e-03 1.122436044860010418e-02
3.356380000000000109e+03 9.444460000000000008e-03 1.229504218520049638e-02
3.356449999999999818e+03 1.191249999999999948e-02 1.329812943133356490e-02
3.356530000000000200e+03 1.667549999999999935e-02 1.452869413723242853e-02
3.356599999999999909e+03 1.816159999999999997e-02 1.568693763110253284e-02
3.356679999999999836e+03 1.592860000000000109e-02 1.711416418143270682e-02
3.356750000000000000e+03 1.372540000000000045e-02 1.846319714456876732e-02
3.356829999999999927e+03 1.550780000000000040e-02 2.013224552764341507e-02
3.356900000000000091e+03 1.920629999999999907e-02 2.171591618636074805e-02
3.356980000000000018e+03 2.101400000000000143e-02 2.368243821083192494e-02
3.357050000000000182e+03 1.568390000000000062e-02 2.555481829005398428e-02
3.357130000000000109e+03 1.281200000000000047e-02 2.788742509705433026e-02
3.357199999999999818e+03 2.075650000000000064e-02 3.011509443094714800e-02
3.357280000000000200e+03 2.718090000000000089e-02 3.289805518870344420e-02
3.357349999999999909e+03 2.852990000000000040e-02 3.556246175757196010e-02
3.357429999999999836e+03 3.002360000000000098e-02 3.889825183799890118e-02
3.357500000000000000e+03 3.195130000000000192e-02 4.209762341873460323e-02
3.357579999999999927e+03 3.891189999999999927e-02 4.610841332096479034e-02
3.357650000000000091e+03 4.473150000000000043e-02 4.995804795058777364e-02
3.357730000000000018e+03 4.466559999999999975e-02 5.478418963866529129e-02
3.357800000000000182e+03 5.185479999999999950e-02 5.941270641449213075e-02
3.357880000000000109e+03 6.580650000000000388e-02 6.520433599750460885e-02
3.357949999999999818e+03 7.551220000000000154e-02 7.074119825327677968e-02
3.358030000000000200e+03 7.821379999999999999e-02 7.763566226824430982e-02
3.358099999999999909e+03 8.260420000000000262e-02 8.418145763078853372e-02
3.358179999999999836e+03 9.544550000000000256e-02 9.225384609472946085e-02
3.358250000000000000e+03 1.052669999999999995e-01 9.981920618055818706e-02
3.358329999999999927e+03 1.116660000000000014e-01 1.089863085803312731e-01
3.358400000000000091e+03 1.245379999999999959e-01 1.173796196989224105e-01
3.358480000000000018e+03 1.417150000000000076e-01 1.272335476636560769e-01
3.358550000000000182e+03 1.558080000000000020e-01 1.358792538058227750e-01
3.358630000000000109e+03 1.616910000000000014e-01 1.454406395142952557e-01
3.358699999999999818e+03 1.659130000000000049e-01 1.531392125123865189e-01
3.358780000000000200e+03 1.715550000000000130e-01 1.605836086890015391e-01
3.358849999999999909e+03 1.743530000000000080e-01 1.653151090099918563e-01
3.358929999999999836e+03 1.759660000000000113e-01 1.678746652149346319e-01
3.359000000000000000e+03 1.691469999999999918e-01 1.669076050086075735e-01
3.359079999999999927e+03 1.506830000000000114e-01 1.613273414351155954e-01
3.359150000000000091e+03 1.364940000000000042e-01 1.519792889489901544e-01
3.359230000000000018e+03 1.259550000000000114e-01 1.358110876974899794e-01
3.359300000000000182e+03 1.043110000000000009e-01 1.168612081065781849e-01
3.359380000000000109e+03 7.278439999999999910e-02 9.014836207112199296e-02
3.359449999999999818e+03 4.044699999999999684e-02 6.307734988286647915e-02
3.359530000000000200e+03 1.458850000000000077e-02 2.915294593897770764e-02
3.359599999999999909e+03 -7.730100000000000166e-03 -1.884900894002201161e-03
3.359679999999999836e+03 -3.645749999999999685e-02 -3.726819178316963938e-02
3.359750000000000000e+03 -6.757080000000000031e-02 -6.678619861974746663e-02
3.359829999999999927e+03 -9.528939999999999633e-02 -9.738741564686406726e-02
3.359900000000000091e+03 -1.186419999999999975e-01 -1.204075846757653723e-01
3.359980000000000018e+03 -1.367470000000000074e-01 -1.415923586711319015e-01
3.360050000000000182e+03 -1.528120000000000034e-01 -1.553157569570426666e-01
3.360130000000000109e+03 -1.625109999999999888e-01 -1.655386698575114501e-01
3.360199999999999818e+03 -1.677700000000000025e-01 -1.700490702127285814e-01
3.360280000000000200e+03 -1.748790000000000067e-01 -1.708098063763514862e-01
3.360349999999999909e+03 -1.761890000000000123e-01 -1.683160912204113013e-01
3.360429999999999836e+03 -1.704690000000000094e-01 -1.627081451400159140e-01
3.360500000000000000e+03 -1.661640000000000061e-01 -1.560612937746433948e-01
3.360579999999999927e+03 -1.594889999999999919e-01 -1.471802565459685574e-01
3.360650000000000091e+03 -1.448909999999999920e-01 -1.387705643991885840e-01
3.360730000000000018e+03 -1.334919999999999995e-01 -1.288825035867843527e-01
3.360800000000000182e+03 -1.273579999999999990e-01 -1.202698670134760700e-01
3.360880000000000109e+03 -1.155329999999999968e-01 -1.107094944944537612e-01
3.360949999999999818e+03 -1.060299999999999992e-01 -1.027231452774257509e-01
3.361030000000000200e+03 -9.866400000000000170e-02 -9.412444573005517012e-02
3.361099999999999909e+03 -8.652219999999999356e-02 -8.710425108685532214e-02
3.361179999999999836e+03 -8.078290000000000470e-02 -7.967295913971550458e-02
3.361250000000000000e+03 -7.399469999999999659e-02 -7.368274543973642177e-02
3.361329999999999927e+03 -6.440590000000000204e-02 -6.740036532679513637e-02
3.361400000000000091e+03 -6.124620000000000064e-02 -6.237040574023533512e-02
3.361480000000000018e+03 -5.655330000000000079e-02 -5.711954552788786610e-02
3.361550000000000182e+03 -5.199959999999999999e-02 -5.292832735351703233e-02
3.361630000000000109e+03 -4.966729999999999756e-02 -4.856057112183786995e-02
3.361699999999999818e+03 -4.429559999999999748e-02 -4.507669164349117213e-02
3.361780000000000200e+03 -3.904429999999999706e-02 -4.144546477967382681e-02
3.361849999999999909e+03 -3.903149999999999675e-02 -3.854662050668169332e-02
3.361929999999999836e+03 -3.857030000000000181e-02 -3.552087435676867105e-02
3.362000000000000000e+03 -3.391410000000000258e-02 -3.310082164333923160e-02
3.362079999999999927e+03 -3.120090000000000016e-02 -3.056904097097345660e-02
3.362150000000000091e+03 -2.888059999999999933e-02 -2.853873968952054876e-02
3.362230000000000018e+03 -2.352450000000000027e-02 -2.640848974229779988e-02
3.362300000000000182e+03 -1.587809999999999916e-02 -2.469472568089097625e-02
3.362380000000000109e+03 -1.237790000000000071e-02 -2.289042368598971991e-02
3.362449999999999818e+03 -1.215660000000000004e-02 -2.143355508105948201e-02
3.362530000000000200e+03 -1.236010000000000060e-02 -1.989376451474613935e-02
3.362599999999999909e+03 -1.614760000000000154e-02 -1.864535917368443166e-02
3.362679999999999836e+03 -1.807500000000000079e-02 -1.732018412615177541e-02
3.362750000000000000e+03 -2.006869999999999835e-02 -1.624086679633610086e-02
3.362829999999999927e+03 -2.073590000000000155e-02 -1.508966544994603740e-02
3.362900000000000091e+03 -1.330600000000000012e-02 -1.414727854712473712e-02
3.362980000000000018e+03 -5.526370000000000067e-03 -1.313674608697372806e-02
3.363050000000000182e+03 -5.739840000000000393e-03 -1.230482861957993973e-02
3.363130000000000109e+03 -9.730499999999999566e-03 -1.140742697556179630e-02
3.363199999999999818e+03 -1.193160000000000054e-02 -1.066397694152374995e-02
3.363280000000000200e+03 -1.090819999999999984e-02 -9.856662515397685009e-03
3.363349999999999909e+03 -9.867330000000000545e-03 -9.183136487989036062e-03
3.363429999999999836e+03 -1.255279999999999938e-02 -8.446332473340225494e-03
3.363500000000000000e+03 -1.276300000000000004e-02 -7.826837151936966164e-03
3.363579999999999927e+03 -1.448789999999999974e-02 -7.143601930170937961e-03
3.363650000000000091e+03 -2.008530000000000038e-02 -6.564238728743260198e-03
3.363730000000000018e+03 -1.827880000000000130e-02 -5.919590430679286253e-03
3.363800000000000182e+03 -1.071539999999999992e-02 -5.367922478865429746e-03
3.363880000000000109e+03 -6.180950000000000159e-03 -4.748289883693536037e-03
3.363949999999999818e+03 -5.399929999999999834e-03 -4.212910085705205351e-03
3.364030000000000200e+03 -6.237910000000000156e-03 -3.605691210115578426e-03
3.364099999999999909e+03 -6.418659999999999644e-03 -3.075880478204607443e-03
3.364179999999999836e+03 -4.286930000000000428e-03 -2.469103295126901486e-03
3.364250000000000000e+03 -7.871470000000000203e-03 -1.934580883825504083e-03
3.364329999999999927e+03 -1.074469999999999939e-02 -1.316677380338670969e-03
3.364400000000000091e+03 -6.306250000000000223e-03 -7.674623814816326382e-04
3.364480000000000018e+03 -6.577910000000000180e-03 -1.271904127017606852e-04
3.364550000000000182e+03 -5.993059999999999707e-03 4.463821405480061181e-04
3.364630000000000109e+03 -1.202130000000000039e-03 1.119801099226559824e-03
3.364699999999999818e+03 -3.362379999999999883e-03 1.726830516043459211e-03
3.364780000000000200e+03 -6.790140000000000065e-03 2.443240659585831434e-03
3.364849999999999909e+03 -3.322499999999999933e-03 3.091647067960587129e-03
3.364929999999999836e+03 0.000000000000000000e+00 3.858968461384245860e-03
3.365000000000000000e+03 3.395790000000000093e-04 4.554315238720569106e-03
3.365079999999999927e+03 5.751890000000000388e-04 5.376758495208938671e-03
3.365150000000000091e+03 5.571070000000000015e-03 6.120224696593326054e-03
3.365230000000000018e+03 1.127470000000000035e-02 6.995333976765880264e-03
3.365300000000000182e+03 7.888479999999999798e-03 7.780471045669689993e-03
3.365380000000000109e+03 1.978220000000000152e-03 8.694554710263101976e-03
3.365449999999999818e+03 2.746660000000000160e-03 9.502452278553657344e-03
3.365530000000000200e+03 7.261280000000000165e-03 1.042404539158366117e-02
3.365599999999999909e+03 1.039089999999999979e-02 1.121673864072778373e-02
3.365679999999999836e+03 1.288070000000000014e-02 1.208821081017971699e-02
3.365750000000000000e+03 1.404840000000000082e-02 1.280085893003181374e-02
3.365829999999999927e+03 1.440699999999999967e-02 1.352951919723364288e-02
3.365900000000000091e+03 1.534759999999999944e-02 1.406344883902430065e-02
3.365980000000000018e+03 2.036529999999999938e-02 1.451591576800264488e-02
3.366050000000000182e+03 2.606699999999999989e-02 1.473728037820899381e-02
3.366130000000000109e+03 2.123529999999999862e-02 1.474436399429808475e-02
3.366199999999999818e+03 1.048430000000000022e-02 1.449622572434893300e-02
3.366280000000000200e+03 7.275720000000000277e-03 1.387825500174312207e-02
3.366349999999999909e+03 8.876830000000000484e-03 1.301450091798723660e-02
3.366429999999999836e+03 9.117890000000000023e-03 1.163412609463039885e-02
3.366500000000000000e+03 1.450180000000000045e-02 1.007653905919582080e-02
3.366579999999999927e+03 1.493389999999999995e-02 7.911555556746000667e-03
3.366650000000000091e+03 2.697789999999999824e-03 5.713223213244241622e-03
3.366730000000000018e+03 -3.988219999999999786e-03 2.917341847141383462e-03
3.366800000000000182e+03 2.356309999999999915e-03 2.948838426126898157e-04
3.366880000000000109e+03 7.309290000000000405e-03 -2.800938097403313926e-03
3.366949999999999818e+03 1.877179999999999994e-03 -5.503250860257906038e-03
3.367030000000000200e+03 -5.585269999999999818e-03 -8.474048998061950444e-03
3.367099999999999909e+03 -6.254290000000000023e-03 -1.088686254897739195e-02
3.367179999999999836e+03 -4.658680000000000113e-03 -1.334874480948360781e-02
3.367250000000000000e+03 -8.417199999999999682e-03 -1.519439699782953318e-02
3.367329999999999927e+03 -1.401260000000000006e-02 -1.691648032833528367e-02
3.367400000000000091e+03 -1.752679999999999863e-02 -1.807558143061587311e-02
3.367480000000000018e+03 -1.650249999999999981e-02 -1.901315029969126089e-02
3.367550000000000182e+03 -1.281580000000000046e-02 -1.951716951409893444e-02
3.367630000000000109e+03 -1.628430000000000155e-02 -1.976973346346845226e-02
3.367699999999999818e+03 -2.177779999999999994e-02 -1.974508503972913567e-02
3.367780000000000200e+03 -1.951960000000000153e-02 -1.948320818073131719e-02
3.367849999999999909e+03 -1.869470000000000159e-02 -1.908822950748054886e-02
3.367929999999999836e+03 -2.244610000000000008e-02 -1.849034231732344172e-02
3.368000000000000000e+03 -2.166420000000000151e-02 -1.787126013783218309e-02
3.368079999999999927e+03 -2.037169999999999953e-02 -1.708741523118700520e-02
3.368150000000000091e+03 -1.950369999999999882e-02 -1.635817408862242153e-02
3.368230000000000018e+03 -1.808049999999999935e-02 -1.549802792100057891e-02
3.368300000000000182e+03 -2.229839999999999947e-02 -1.473722234976119691e-02
3.368380000000000109e+03 -2.765839999999999965e-02 -1.387245432424082450e-02
3.368449999999999818e+03 -2.479949999999999863e-02 -1.312875434669498811e-02
3.368530000000000200e+03 -1.597550000000000012e-02 -1.230127893154643604e-02
3.368599999999999909e+03 -1.005670000000000001e-02 -1.160129438140423963e-02
3.368679999999999836e+03 -7.979969999999999425e-03 -1.083215213101703864e-02
3.368750000000000000e+03 -1.007790000000000075e-02 -1.018767925487061923e-02
3.368829999999999927e+03 -9.827650000000000274e-03 -9.484423065909644568e-03
3.368900000000000091e+03 -5.940589999999999933e-03 -8.898029949917037398e-03
3.368980000000000018e+03 -9.058780000000000651e-03 -8.260105510474437251e-03
3.369050000000000182e+03 -1.342169999999999995e-02 -7.729018626572345917e-03
3.369130000000000109e+03 -1.216040000000000003e-02 -7.151369075560688217e-03
3.369199999999999818e+03 -7.401050000000000163e-03 -6.669991015801474826e-03
3.369280000000000200e+03 -3.812649999999999893e-03 -6.145321661606717792e-03
3.369349999999999909e+03 -6.837160000000000112e-03 -5.706765961318341698e-03
3.369429999999999836e+03 -8.703449999999999728e-03 -5.226882698042008280e-03
3.369500000000000000e+03 -5.144690000000000374e-03 -4.823849803515561224e-03
3.369579999999999927e+03 -2.981650000000000186e-03 -4.380391925246029071e-03
3.369650000000000091e+03 -1.896230000000000051e-03 -4.005623421179551995e-03
3.369730000000000018e+03 -9.877029999999999317e-04 -3.590415547712362022e-03
3.369800000000000182e+03 -3.279929999999999912e-03 -3.236887091546892820e-03
3.369880000000000109e+03 -4.562599999999999989e-03 -2.842057953508385793e-03
3.369949999999999818e+03 -8.961610000000000279e-04 -2.503013746644400066e-03
3.370030000000000200e+03 3.988039999999999988e-03 -2.120974305881492307e-03
3.370099999999999909e+03 4.155589999999999805e-03 -1.789865927855367918e-03
3.370179999999999836e+03 0.000000000000000000e+00 -1.413201865281759435e-03
3.370250000000000000e+03 -2.434239999999999841e-03 -1.083567683212298275e-03
3.370329999999999927e+03 -2.207390000000000047e-03 -7.048766732152602363e-04
3.370400000000000091e+03 7.232809999999999890e-04 -3.701806611412033175e-04
3.370480000000000018e+03 2.980329999999999785e-03 1.813120820393478508e-05
3.370550000000000182e+03 4.845000000000000348e-03 3.646938098210989864e-04
3.370630000000000109e+03 5.147330000000000308e-03 7.706527954016856308e-04
3.370699999999999818e+03 1.700569999999999990e-03 1.136383310401613191e-03
3.370780000000000200e+03 2.499490000000000045e-03 1.568729790042722692e-03
3.370849999999999909e+03 4.983089999999999915e-03 1.961693459013340388e-03
3.370929999999999836e+03 5.149830000000000206e-03 2.430214381778811675e-03
3.371000000000000000e+03 5.764080000000000419e-03 2.859557949712971878e-03
3.371079999999999927e+03 7.128800000000000241e-03 3.375484686475039783e-03
3.371150000000000091e+03 6.675740000000000320e-03 3.851819241084020184e-03
3.371230000000000018e+03 -4.991540000000000256e-04 4.428310410686609258e-03
3.371300000000000182e+03 -5.210339999999999937e-03 4.964178697142528247e-03
3.371380000000000109e+03 -1.732370000000000004e-03 5.616912283077583022e-03
3.371449999999999818e+03 -3.290100000000000229e-04 6.227363706349233093e-03
3.371530000000000200e+03 -6.176299999999999802e-04 6.975266920294838531e-03
3.371599999999999909e+03 3.834409999999999902e-03 7.678566390415530150e-03
3.371679999999999836e+03 9.235159999999999203e-03 8.544713735752232364e-03
3.371750000000000000e+03 6.549550000000000337e-03 9.363210321039133061e-03
3.371829999999999927e+03 5.322919999999999648e-04 1.037591658055332655e-02
3.371900000000000091e+03 2.188939999999999896e-03 1.133709003202145252e-02
3.371980000000000018e+03 3.346580000000000041e-03 1.253120789584846739e-02
3.372050000000000182e+03 2.577330000000000072e-04 1.366888607295035224e-02
3.372130000000000109e+03 3.517199999999999840e-03 1.508727257612590966e-02
3.372199999999999818e+03 6.778499999999999803e-03 1.644295188709915187e-02
3.372280000000000200e+03 3.593770000000000037e-03 1.813796375659628909e-02
3.372349999999999909e+03 2.922310000000000012e-03 1.976203153084335473e-02
3.372429999999999836e+03 4.718830000000000247e-03 2.179668950290001433e-02
3.372500000000000000e+03 3.331680000000000058e-03 2.374907298282165694e-02
3.372579999999999927e+03 5.866439999999999676e-03 2.619709244115104446e-02
3.372650000000000091e+03 1.024890000000000002e-02 2.854631870854690626e-02
3.372730000000000018e+03 7.352059999999999672e-03 3.148934960912679742e-02
3.372800000000000182e+03 8.115360000000000282e-03 3.430798030938628923e-02
3.372880000000000109e+03 1.660930000000000045e-02 3.782682580824201640e-02
3.372949999999999818e+03 2.438239999999999852e-02 4.117940588219286269e-02
3.373030000000000200e+03 3.127900000000000125e-02 4.533328063518951567e-02
3.373099999999999909e+03 3.959410000000000013e-02 4.924995196091697808e-02
3.373179999999999836e+03 5.034559999999999730e-02 5.403370929485591667e-02
3.373250000000000000e+03 5.772499999999999853e-02 5.845853446971313594e-02
3.373329999999999927e+03 5.559680000000000177e-02 6.372304191592394196e-02
3.373400000000000091e+03 5.489549999999999985e-02 6.842279705199308393e-02
3.373480000000000018e+03 6.325709999999999666e-02 7.374295599847967286e-02
3.373550000000000182e+03 6.902679999999999927e-02 7.816720037441896030e-02
3.373630000000000109e+03 7.350310000000000177e-02 8.265982019215439847e-02
3.373699999999999818e+03 8.114830000000000654e-02 8.577540973519395817e-02
3.373780000000000200e+03 8.507610000000000172e-02 8.793453159255310014e-02
3.373849999999999909e+03 8.526050000000000295e-02 8.814655448103050905e-02
3.373929999999999836e+03 7.609180000000000110e-02 8.590248623771964964e-02
3.374000000000000000e+03 6.103879999999999723e-02 8.131416716854240889e-02
3.374079999999999927e+03 5.003980000000000233e-02 7.265913830815115548e-02
3.374150000000000091e+03 4.192529999999999868e-02 6.195001549138794833e-02
3.374230000000000018e+03 3.285319999999999907e-02 4.627915559977426735e-02
3.374300000000000182e+03 1.882709999999999939e-02 3.002105431595525342e-02
3.374380000000000109e+03 9.262839999999999616e-03 9.461179768389980232e-03
3.374449999999999818e+03 3.408089999999999904e-03 -9.237765233929655373e-03
3.374530000000000200e+03 -1.241289999999999928e-02 -3.007579484663268007e-02
3.374599999999999909e+03 -3.123400000000000135e-02 -4.678538300325607580e-02
3.374679999999999836e+03 -4.667580000000000340e-02 -6.313714276287471505e-02
3.374750000000000000e+03 -5.996420000000000222e-02 -7.451437438507289845e-02
3.374829999999999927e+03 -7.262079999999999924e-02 -8.393466471981585186e-02
3.374900000000000091e+03 -8.599980000000000124e-02 -8.914104379222255459e-02
3.374980000000000018e+03 -9.424670000000000269e-02 -9.199224553971843688e-02
3.375050000000000182e+03 -9.294800000000000284e-02 -9.220945522913870374e-02
3.375130000000000109e+03 -8.719949999999999923e-02 -9.042354922358526725e-02
3.375199999999999818e+03 -8.576200000000000490e-02 -8.754084899989642010e-02
3.375280000000000200e+03 -8.810389999999999888e-02 -8.322403854707795257e-02
3.375349999999999909e+03 -8.786679999999999491e-02 -7.889013189815495541e-02
3.375429999999999836e+03 -8.041460000000000274e-02 -7.361843654393752934e-02
3.375500000000000000e+03 -6.989270000000000205e-02 -6.892619906146751907e-02
3.375579999999999927e+03 -6.126550000000000051e-02 -6.364324985418248759e-02
3.375650000000000091e+03 -5.354319999999999913e-02 -5.918708543743945311e-02
3.375730000000000018e+03 -5.199499999999999955e-02 -5.435778817622418518e-02
3.375800000000000182e+03 -5.632689999999999919e-02 -5.039745042666202157e-02
3.375880000000000109e+03 -5.477250000000000174e-02 -4.619328331233446550e-02
3.375949999999999818e+03 -4.409489999999999937e-02 -4.279863742663515130e-02
3.376030000000000200e+03 -3.612390000000000045e-02 -3.923572632700982055e-02
3.376099999999999909e+03 -3.452779999999999738e-02 -3.638297833808482734e-02
3.376179999999999836e+03 -3.394490000000000007e-02 -3.340666497215880743e-02
3.376250000000000000e+03 -3.632719999999999699e-02 -3.103356498882947276e-02
3.376329999999999927e+03 -3.724689999999999945e-02 -2.856434230639421160e-02
3.376400000000000091e+03 -3.493700000000000278e-02 -2.659867829172754897e-02
3.376480000000000018e+03 -3.043639999999999887e-02 -2.455472698495624745e-02
3.376550000000000182e+03 -2.317920000000000050e-02 -2.292752201959050162e-02
3.376630000000000109e+03 -1.765689999999999968e-02 -2.123443291464085017e-02
3.376699999999999818e+03 -1.141200000000000027e-02 -1.988509092514772689e-02
3.376780000000000200e+03 -4.641929999999999841e-03 -1.847908571700835820e-02
3.376849999999999909e+03 -3.911760000000000237e-03 -1.735660529670169511e-02
3.376929999999999836e+03 -5.695480000000000161e-03 -1.618471410937889765e-02
3.377000000000000000e+03 -3.747129999999999992e-03 -1.524715683657589665e-02
3.377079999999999927e+03 -3.109789999999999863e-03 -1.426613718494017941e-02
3.377150000000000091e+03 -5.106620000000000083e-03 -1.347944780176884086e-02
3.377230000000000018e+03 -2.693710000000000201e-03 -1.265431532873216580e-02
3.377300000000000182e+03 -1.249380000000000022e-03 -1.199101159214571721e-02
3.377380000000000109e+03 -4.419939999999999806e-03 -1.129357713561788407e-02
3.377449999999999818e+03 1.005079999999999938e-04 -1.073153178026941407e-02
3.377530000000000200e+03 7.374109999999999693e-03 -1.013910178478345109e-02
3.377599999999999909e+03 4.429439999999999766e-03 -9.660494870972716197e-03
3.377679999999999836e+03 -2.640019999999999867e-03 -9.154779163103731951e-03
3.377750000000000000e+03 -3.517559999999999871e-03 -8.745232668167197271e-03
3.377829999999999927e+03 -1.343030000000000048e-03 -8.311453676312540589e-03
3.377900000000000091e+03 9.216989999999999992e-05 -7.959332505641718986e-03
3.377980000000000018e+03 3.571280000000000027e-03 -7.585510929657345199e-03
3.378050000000000182e+03 3.189110000000000208e-03 -7.281365406232765888e-03
3.378130000000000109e+03 4.581470000000000030e-04 -6.957752685953404528e-03
3.378199999999999818e+03 1.553329999999999902e-03 -6.693876845935593789e-03
3.378280000000000200e+03 2.396740000000000068e-03 -6.412506344415643683e-03
3.378349999999999909e+03 2.581570000000000045e-03 -6.182589020357807941e-03
3.378429999999999836e+03 4.899220000000000137e-03 -5.936921668891172871e-03
3.378500000000000000e+03 6.088999999999999795e-03 -5.735771017400686546e-03
3.378579999999999927e+03 6.602460000000000100e-03 -5.520415443771927930e-03
3.378650000000000091e+03 6.448330000000000381e-03 -5.343741222695959706e-03
3.378730000000000018e+03 1.464620000000000028e-03 -5.154232335273184126e-03
3.378800000000000182e+03 -2.991820000000000070e-03 -4.998473449138137945e-03
3.378880000000000109e+03 -2.468680000000000006e-03 -4.831096814856176459e-03
3.378949999999999818e+03 2.347269999999999825e-03 -4.693284317814379672e-03
3.379030000000000200e+03 5.609920000000000011e-03 -4.544936418265141560e-03
3.379099999999999909e+03 0.000000000000000000e+00 -4.422584312601341751e-03
3.379179999999999836e+03 -3.235120000000000183e-03 -4.290660948897263675e-03
3.379250000000000000e+03 6.214779999999999610e-04 -4.181678814066775232e-03
3.379329999999999927e+03 1.305799999999999973e-03 -4.063985647020216911e-03
3.379400000000000091e+03 1.786150000000000021e-03 -3.966608459490527164e-03
3.379480000000000018e+03 2.744849999999999851e-04 -3.861289007053733853e-03
3.379550000000000182e+03 -7.514780000000000418e-03 -3.774020539892239314e-03
3.379630000000000109e+03 -1.030039999999999949e-02 -3.679497988320422786e-03
3.379699999999999818e+03 -2.642869999999999855e-03 -3.601064975420816341e-03
3.379780000000000200e+03 6.937329999999999799e-04 -3.515994960556767090e-03
3.379849999999999909e+03 -5.206920000000000298e-03 -3.445309825628299367e-03
3.379929999999999836e+03 -7.085720000000000213e-03 -3.368541959072998606e-03
3.380000000000000000e+03 -5.366830000000000385e-03 -3.304672385314647194e-03
3.380079999999999927e+03 -4.051100000000000187e-03 -3.235218778739628112e-03
3.380150000000000091e+03 0.000000000000000000e+00 -3.177362763590265652e-03
3.380230000000000018e+03 2.511180000000000009e-03 -3.114372175421869105e-03
3.380300000000000182e+03 2.177880000000000094e-04 -3.061837500775237662e-03
3.380380000000000109e+03 -1.750459999999999907e-03 -3.004574017757158030e-03
3.380449999999999818e+03 -3.476589999999999889e-03 -2.956761288613453907e-03
3.380530000000000200e+03 -8.086110000000000519e-03 -2.904586679461783512e-03
3.380599999999999909e+03 -1.165270000000000021e-02 -2.860975257729819234e-03
3.380679999999999836e+03 -1.107290000000000010e-02 -2.813334311784103543e-03
3.380750000000000000e+03 -8.123329999999999787e-03 -2.773470608038129063e-03
3.380829999999999927e+03 -3.937529999999999850e-03 -2.729878909644309348e-03
3.380900000000000091e+03 0.000000000000000000e+00 -2.693366602585623749e-03
3.380980000000000018e+03 3.911109999999999760e-03 -2.653400300479806170e-03
3.381050000000000182e+03 5.546920000000000323e-03 -2.619892138210348949e-03
3.381130000000000109e+03 2.862509999999999968e-03 -2.583179354912167915e-03
3.381199999999999818e+03 3.182819999999999833e-03 -2.552370258907553802e-03
3.381280000000000200e+03 5.479389999999999782e-03 -2.518583853141334074e-03
3.381349999999999909e+03 5.492979999999999738e-03 -2.490205098859245552e-03
3.381429999999999836e+03 3.122849999999999931e-03 -2.459056548147235330e-03
3.381500000000000000e+03 1.898869999999999985e-03 -2.432870838516314280e-03
3.381579999999999927e+03 6.304019999999999589e-03 -2.404105052323105614e-03
3.381650000000000091e+03 1.003169999999999930e-02 -2.379902334210109386e-03
3.381730000000000018e+03 1.395459999999999930e-02 -2.353293242689661561e-03
3.381800000000000182e+03 1.806369999999999851e-02 -2.330887143634936647e-03
3.381880000000000109e+03 1.434979999999999936e-02 -2.306233934916264612e-03
3.381949999999999818e+03 4.801490000000000272e-03 -2.285458719346915996e-03
3.382030000000000200e+03 -2.270770000000000080e-03 -2.262582620818270451e-03
3.382099999999999909e+03 -6.026459999999999977e-03 -2.243290582671735728e-03
3.382179999999999836e+03 -8.050899999999999723e-03 -2.222032099968310193e-03
3.382250000000000000e+03 -4.319299999999999876e-03 -2.204091323048741440e-03
3.382329999999999927e+03 1.932429999999999955e-03 -2.184307865279053185e-03
3.382400000000000091e+03 4.406860000000000291e-03 -2.167600294381790207e-03
3.382480000000000018e+03 1.567610000000000097e-03 -2.149164126230628663e-03
3.382550000000000182e+03 0.000000000000000000e+00 -2.133583901641240496e-03
3.382630000000000109e+03 2.769649999999999803e-03 -2.116380372882321979e-03
3.382699999999999818e+03 4.785260000000000381e-03 -2.101832388702723747e-03
3.382780000000000200e+03 5.958409999999999922e-03 -2.085758399783406956e-03
3.382849999999999909e+03 5.566439999999999756e-03 -2.072157052984600466e-03
3.382929999999999836e+03 4.656320000000000250e-03 -2.057119722036451076e-03
3.383000000000000000e+03 4.272119999999999911e-03 -2.044387824458195665e-03
3.383079999999999927e+03 5.243000000000000264e-03 -2.030303326612162892e-03
3.383150000000000091e+03 5.036610000000000392e-03 -2.018371156527673342e-03
3.383230000000000018e+03 7.356689999999999931e-04 -2.005163710994033090e-03
3.383300000000000182e+03 -3.499239999999999816e-03 -1.993968184507466639e-03
3.383380000000000109e+03 -3.359860000000000103e-03 -1.981569168680747187e-03
3.383449999999999818e+03 -1.754300000000000087e-03 -1.971053114262555101e-03
3.383530000000000200e+03 5.004010000000000359e-04 -1.959400287281951730e-03
3.383599999999999909e+03 4.388190000000000146e-03 -1.949511809278329805e-03
3.383679999999999836e+03 5.095289999999999715e-03 -1.938548630120689358e-03
