3275.00 	 -0.266870
3275.08 	 -0.264253
3275.15 	 -0.262789
3275.23 	 -0.260268
3275.30 	 -0.255153
3275.38 	 -0.250399
3275.45 	 -0.247832
3275.53 	 -0.245973
3275.60 	 -0.245404
3275.68 	 -0.244682
3275.75 	 -0.242444
3275.83 	 -0.242387
3275.90 	 -0.243932
3275.98 	 -0.247523
3276.05 	 -0.251327
3276.13 	 -0.251516
3276.20 	 -0.251232
3276.28 	 -0.249412
3276.35 	 -0.247720
3276.43 	 -0.251669
3276.50 	 -0.253094
3276.58 	 -0.246229
3276.65 	 -0.243994
3276.73 	 -0.247814
3276.80 	 -0.244685
3276.88 	 -0.238967
3276.95 	 -0.239950
3277.03 	 -0.244264
3277.10 	 -0.244853
3277.18 	 -0.241754
3277.25 	 -0.239833
3277.33 	 -0.238732
3277.40 	 -0.238580
3277.48 	 -0.241421
3277.55 	 -0.246405
3277.63 	 -0.250177
3277.70 	 -0.249798
3277.78 	 -0.244930
3277.85 	 -0.241183
3277.93 	 -0.244296
3278.00 	 -0.245736
3278.08 	 -0.242425
3278.15 	 -0.239670
3278.23 	 -0.239844
3278.30 	 -0.243168
3278.38 	 -0.244232
3278.45 	 -0.245090
3278.53 	 -0.247326
3278.60 	 -0.244949
3278.68 	 -0.238207
3278.75 	 -0.234150
3278.83 	 -0.236048
3278.90 	 -0.239722
3278.98 	 -0.239688
3279.05 	 -0.239042
3279.13 	 -0.241010
3279.20 	 -0.243502
3279.28 	 0.00000
3279.35 	 0.000976945
3279.43 	 0.00599965
3279.50 	 0.00820001
3279.58 	 0.0110491
3279.65 	 0.0140088
3279.73 	 0.0122237
3279.80 	 0.00805851
3279.88 	 0.00697921
3279.95 	 0.00700819
3280.03 	 0.00392459
3280.10 	 0.000987587
3280.18 	 0.000204589
3280.25 	 0.000975488
3280.33 	 0.00514355
3280.40 	 0.00834929
3280.48 	 0.00634229
3280.55 	 0.00467959
3280.63 	 0.00646090
3280.70 	 0.00736326
3280.78 	 0.00678359
3280.85 	 0.00782340
3280.93 	 0.00962714
3281.00 	 0.0104708
3281.08 	 0.00796046
3281.15 	 0.00357850
3281.23 	 0.00124883
3281.30 	 0.00134030
3281.38 	 0.00517935
3281.45 	 0.00825079
3281.53 	 0.00745461
3281.60 	 0.00507774
3281.68 	 0.00162200
3281.75 	 0.000664920
3281.83 	 0.00300666
3281.90 	 0.00453584
3281.98 	 0.00336787
3282.05 	 0.00139926
3282.13 	 0.000475690
3282.20 	 0.00111070
3282.28 	 0.00135359
3282.35 	 0.000466394
3282.43 	 0.000634018
3282.50 	 0.00311893
3282.58 	 0.00705433
3282.65 	 0.00757745
3282.73 	 0.00370130
3282.80 	 0.000865559
3282.88 	 0.00174842
3282.95 	 0.00526933
3283.03 	 0.00826391
3283.10 	 0.00851868
3283.18 	 0.00735212
3283.25 	 0.00498838
3283.33 	 0.00418050
3283.40 	 0.00596973
3283.48 	 0.00513041
3283.55 	 0.00362606
3283.63 	 0.00316631
3283.70 	 -0.000609379
3283.78 	 -0.000647828
3283.85 	 0.00430650
3283.93 	 0.00388715
3284.00 	 0.000916792
3284.08 	 0.00115767
3284.15 	 0.00134816
3284.23 	 0.000378208
3284.30 	 -0.00232181
3284.38 	 -0.00681469
3284.45 	 -0.00523413
3284.53 	 -0.000663103
3284.60 	 0.000259557
3284.68 	 -0.00155578
3284.75 	 -0.00469028
3284.83 	 -0.00361745
3284.90 	 6.88904e-05
3284.98 	 0.00217547
3285.05 	 0.000798930
3285.13 	 6.34515e-05
3285.20 	 0.00157345
3285.28 	 -0.00263366
3285.35 	 -0.00763389
3285.43 	 -0.00760768
3285.50 	 -0.00746234
3285.58 	 -0.00666944
3285.65 	 -0.00238360
3285.73 	 -0.000124769
3285.80 	 -0.000258378
3285.88 	 -0.000339380
3285.95 	 -0.00204446
3286.03 	 0.000256045
3286.10 	 0.00319791
3286.18 	 0.00263377
3286.25 	 0.00376926
3286.33 	 0.00117705
3286.40 	 -0.00478209
3286.48 	 -0.00480289
3286.55 	 -0.00164422
3286.63 	 0.000200362
3286.70 	 0.00183506
3286.78 	 0.000583224
3286.85 	 -0.00241775
3286.93 	 -0.00287203
3287.00 	 -0.00393742
3287.08 	 -0.00598817
3287.15 	 -0.00746658
3287.23 	 -0.00933874
3287.30 	 -0.00802727
3287.38 	 -0.00493704
3287.45 	 -0.00373015
3287.53 	 -0.00181627
3287.60 	 -0.00140985
3287.68 	 -0.00333596
3287.75 	 -0.00376518
3287.83 	 -0.00565436
3287.90 	 -0.00648521
3287.98 	 -0.00301350
3288.05 	 -0.00310243
3288.13 	 -0.00597904
3288.20 	 -0.00693986
3288.28 	 -0.00724642
3288.35 	 -0.00594065
3288.43 	 -0.00567198
3288.50 	 -0.00736951
3288.58 	 -0.00536320
3288.65 	 -0.00302093
3288.73 	 -0.00182310
3288.80 	 0.00194750
3288.88 	 0.000907068
3288.95 	 -0.00397120
3289.03 	 -0.00529788
3289.10 	 -0.00533605
3289.18 	 -0.00465716
3289.25 	 -0.00263025
3289.33 	 0.00000
3289.40 	 0.00208708
3289.48 	 0.000563244
3289.55 	 -0.000320843
3289.63 	 0.000814239
3289.70 	 -0.00256589
3289.78 	 -0.00600307
3289.85 	 -0.00478882
3289.93 	 -0.00276476
3290.00 	 -0.000615841
3290.08 	 -0.00103174
3290.15 	 -0.00469649
3290.23 	 -0.00681124
3290.30 	 -0.00716856
3290.38 	 -0.00476955
3290.45 	 -0.00210884
3290.53 	 -0.00264329
3290.60 	 -0.00505933
3290.68 	 -0.00617121
3290.75 	 -0.00515231
3290.83 	 -0.00497637
3290.90 	 -0.00573527
3290.98 	 -0.00578205
3291.05 	 -0.00369721
3291.13 	 -0.00267918
3291.20 	 -0.00347329
3291.28 	 -0.00385883
3291.35 	 -0.00513023
3291.43 	 -0.00579237
3291.50 	 -0.00350981
3291.58 	 -0.00321454
3291.65 	 -0.00735993
3291.73 	 -0.00807600
3291.80 	 -0.00392805
3291.88 	 0.000688069
3291.95 	 0.00363577
3292.03 	 0.000789503
3292.10 	 -0.00359594
3292.18 	 -0.00359360
3292.25 	 -0.00188316
3292.33 	 0.00184533
3292.40 	 0.00104042
3292.48 	 -0.00486059
3292.55 	 -0.00752340
3292.63 	 -0.00948232
3292.70 	 -0.0106973
3292.78 	 -0.00914229
3292.85 	 -0.00646740
3292.93 	 -0.00530652
3293.00 	 -0.00485266
3293.08 	 -0.00373926
3293.15 	 -0.00421631
3293.23 	 -0.00465239
3293.30 	 -0.00162832
3293.38 	 0.000467250
3293.45 	 -0.00318860
3293.53 	 -0.00781036
3293.60 	 -0.00665539
3293.68 	 -0.00179660
3293.75 	 0.000402563
3293.83 	 0.000428272
3293.90 	 0.000833613
3293.98 	 -0.000950280
3294.05 	 -0.00333514
3294.13 	 -0.00217656
3294.20 	 -0.00291507
3294.28 	 -0.00446530
3294.35 	 -0.00327636
3294.43 	 -0.00365896
3294.50 	 -0.00214711
3294.58 	 -0.000962373
3294.65 	 -0.00578564
3294.73 	 -0.0111421
3294.80 	 -0.0118392
3294.88 	 -0.00644871
3294.95 	 -0.00113230
3295.03 	 -0.00188028
3295.10 	 -0.00429477
3295.18 	 -0.00328921
3295.25 	 -0.00177777
3295.33 	 -0.00198786
3295.40 	 -0.000334555
3295.48 	 0.000542228
3295.55 	 -0.00329958
3295.63 	 -0.00593172
3295.70 	 -0.00477706
3295.78 	 -0.00712809
3295.85 	 -0.00986721
3295.93 	 -0.00741715
3296.00 	 -0.00374782
3296.08 	 -0.00275326
3296.15 	 -0.00724859
3296.23 	 -0.0103402
3296.30 	 -0.00528199
3296.38 	 -0.000939515
3296.45 	 -0.00380638
3296.53 	 -0.00624547
3296.60 	 -0.00501635
3296.68 	 -0.00313887
3296.75 	 -0.00305517
3296.83 	 -0.00544816
3296.90 	 -0.00598623
3296.98 	 -0.00508091
3297.05 	 -0.00531592
3297.13 	 -0.00643372
3297.20 	 -0.00649908
3297.28 	 -0.00330866
3297.35 	 -0.000201306
3297.43 	 -0.00283855
3297.50 	 -0.00626227
3297.58 	 -0.00419889
3297.65 	 -0.00148090
3297.73 	 -0.000381531
3297.80 	 -0.00166145
3297.88 	 -0.00325597
3297.95 	 -0.00273927
3298.03 	 -0.00264774
3298.10 	 -0.00235753
3298.18 	 -0.00243071
3298.25 	 -0.00469082
3298.33 	 -0.00593851
3298.40 	 -0.00447612
3298.48 	 -0.00508794
3298.55 	 -0.00657748
3298.63 	 -0.00594852
3298.70 	 -0.00358699
3298.78 	 -0.00213412
3298.85 	 -0.00293466
3298.93 	 -0.00129114
3299.00 	 -0.000756279
3299.08 	 -0.00541946
3299.15 	 -0.00673781
3299.23 	 -0.00357752
3299.30 	 -0.00171594
3299.38 	 0.00000
3299.45 	 0.000674634
3299.53 	 0.00235441
3299.60 	 0.00465658
3299.68 	 0.000742179
3299.75 	 -0.00326217
3299.83 	 -0.000226958
3299.90 	 0.000995233
3299.98 	 -0.00507271
3300.05 	 -0.00859525
3300.13 	 -0.00584466
3300.20 	 -0.00296850
3300.28 	 -0.00281526
3300.35 	 -0.00278112
3300.43 	 0.00108585
3300.50 	 0.00378095
3300.58 	 0.000964233
3300.65 	 -0.000184959
3300.73 	 0.00182303
3300.80 	 -0.000412626
3300.88 	 -0.00235242
3300.95 	 0.000129052
3301.03 	 0.000876847
3301.10 	 0.000926500
3301.18 	 -0.000209983
3301.25 	 -0.00408927
3301.33 	 -0.00293392
3301.40 	 0.000434763
3301.48 	 -0.00416829
3301.55 	 -0.00923043
3301.63 	 -0.00715670
3301.70 	 -0.00467757
3301.78 	 -0.00453473
3301.85 	 -0.00372043
3301.93 	 -0.000845294
3302.00 	 0.00161870
3302.08 	 0.000243838
3302.15 	 -0.00383173
3302.23 	 -0.00728571
3302.30 	 -0.00768039
3302.38 	 -0.00612349
3302.45 	 -0.00398928
3302.53 	 -0.000547342
3302.60 	 0.000782766
3302.68 	 -0.00287104
3302.75 	 -0.00506988
3302.83 	 -0.000142929
3302.90 	 0.00633929
3302.98 	 0.00843332
3303.05 	 0.00787288
3303.13 	 0.00761599
3303.20 	 0.0111138
3303.28 	 0.0134736
3303.35 	 0.00896850
3303.43 	 0.00586030
3303.50 	 0.00633099
3303.58 	 0.00601288
3303.65 	 0.00494356
3303.73 	 0.00194194
3303.80 	 0.000533506
3303.88 	 0.00314533
3303.95 	 0.00629931
3304.03 	 0.00897138
3304.10 	 0.00882309
3304.18 	 0.00695648
3304.25 	 0.00443647
3304.33 	 0.000725634
3304.40 	 -0.000717581
3304.48 	 -0.000493586
3304.55 	 0.00578789
3304.63 	 0.0165115
3304.70 	 0.0176989
3304.78 	 0.0121433
3304.85 	 0.0118888
3304.93 	 0.0149633
3305.00 	 0.0148258
3305.08 	 0.0153621
3305.15 	 0.0193165
3305.23 	 0.0170214
3305.30 	 0.0101963
3305.38 	 0.00820560
3305.45 	 0.00699137
3305.53 	 0.00581438
3305.60 	 0.00664576
3305.68 	 0.00820473
3305.75 	 0.00970068
3305.83 	 0.0142447
3305.90 	 0.0192844
3305.98 	 0.0181235
3306.05 	 0.0169134
3306.13 	 0.0174384
3306.20 	 0.0149169
3306.28 	 0.0109812
3306.35 	 0.0112428
3306.43 	 0.0156736
3306.50 	 0.0177413
3306.58 	 0.0150544
3306.65 	 0.0109786
3306.73 	 0.00796363
3306.80 	 0.00699028
3306.88 	 0.00774703
3306.95 	 0.00924393
3307.03 	 0.0107506
3307.10 	 0.00788176
3307.18 	 0.00422931
3307.25 	 0.00367710
3307.33 	 -0.000492300
3307.40 	 -0.00709034
3307.48 	 -0.0101642
3307.55 	 -0.00915001
3307.63 	 -0.00423845
3307.70 	 -0.00144527
3307.78 	 -0.00389953
3307.85 	 -0.00611281
3307.93 	 -0.00713953
3308.00 	 -0.00974091
3308.08 	 -0.0141771
3308.15 	 -0.0179646
3308.23 	 -0.0203984
3308.30 	 -0.0209240
3308.38 	 -0.0200454
3308.45 	 -0.0201922
3308.53 	 -0.0234067
3308.60 	 -0.0280327
3308.68 	 -0.0297212
3308.75 	 -0.0298474
3308.83 	 -0.0311463
3308.90 	 -0.0327328
3308.98 	 -0.0339815
3309.05 	 -0.0376390
3309.13 	 -0.0384947
3309.20 	 -0.0331123
3309.28 	 -0.0321656
3309.35 	 -0.0354921
3309.43 	 -0.0334684
3309.50 	 -0.0315234
3309.58 	 -0.0326906
3309.65 	 -0.0328704
3309.73 	 -0.0351578
3309.80 	 -0.0357720
3309.88 	 -0.0346652
3309.95 	 -0.0349085
3310.03 	 -0.0340782
3310.10 	 -0.0344599
3310.18 	 -0.0359873
3310.25 	 -0.0355146
3310.33 	 -0.0341760
3310.40 	 -0.0335383
3310.48 	 -0.0352868
3310.55 	 -0.0380096
3310.63 	 -0.0335610
3310.70 	 -0.0294420
3310.78 	 -0.0320782
3310.85 	 -0.0335504
3310.93 	 -0.0330793
3311.00 	 -0.0301193
3311.08 	 -0.0285062
3311.15 	 -0.0287729
3311.23 	 -0.0286997
3311.30 	 -0.0280741
3311.38 	 -0.0230038
3311.45 	 -0.0205021
3311.53 	 -0.0243004
3311.60 	 -0.0241899
3311.68 	 -0.0201965
3311.75 	 -0.0224538
3311.83 	 -0.0264801
3311.90 	 -0.0240094
3311.98 	 -0.0222544
3312.05 	 -0.0239411
3312.13 	 -0.0222796
3312.20 	 -0.0189410
3312.28 	 -0.0165557
3312.35 	 -0.0165744
3312.43 	 -0.0214144
3312.50 	 -0.0238348
3312.58 	 -0.0195210
3312.65 	 -0.0142814
3312.73 	 -0.0129005
3312.80 	 -0.0143740
3312.88 	 -0.0151218
3312.95 	 -0.0139342
3313.03 	 -0.0129535
3313.10 	 -0.0137190
3313.18 	 -0.0117870
3313.25 	 -0.00992387
3313.33 	 -0.0116033
3313.40 	 -0.0144835
3313.48 	 -0.0153861
3313.55 	 -0.0125055
3313.63 	 -0.0126408
3313.70 	 -0.0135859
3313.78 	 -0.00968054
3313.85 	 -0.00651699
3313.93 	 -0.00818872
3314.00 	 -0.0112916
3314.08 	 -0.0113756
3314.15 	 -0.0102600
3314.23 	 -0.0127615
3314.30 	 -0.0166002
3314.38 	 -0.0151029
3314.45 	 -0.0104138
3314.53 	 -0.00818983
3314.60 	 -0.00829031
3314.68 	 -0.00959938
3314.75 	 -0.0105001
3314.83 	 -0.00901911
3314.90 	 -0.00612862
3314.98 	 -0.00350640
3315.05 	 0.00000
3315.13 	 0.00182226
3315.20 	 0.000890904
3315.28 	 0.00141806
3315.35 	 -0.00125036
3315.43 	 -0.00738677
3315.50 	 -0.00830695
3315.58 	 -0.00463139
3315.65 	 -0.00314362
3315.73 	 -0.00523424
3315.80 	 -0.00703132
3315.88 	 -0.00758831
3315.95 	 -0.00516888
3316.03 	 7.72884e-05
3316.10 	 0.00202312
3316.18 	 0.00246218
3316.25 	 -0.000685554
3316.33 	 -0.00711737
3316.40 	 -0.00586045
3316.48 	 0.00155773
3316.55 	 0.00677726
3316.63 	 0.00598930
3316.70 	 0.00342745
3316.78 	 0.00107695
3316.85 	 -0.000646775
3316.93 	 0.00257074
3317.00 	 0.00394365
3317.08 	 -0.000190076
3317.15 	 -0.00191052
3317.23 	 -0.000784600
3317.30 	 -0.00139521
3317.38 	 -0.00313925
3317.45 	 -0.00319116
3317.53 	 1.46487e-05
3317.60 	 0.00541577
3317.68 	 0.00936983
3317.75 	 0.00863126
3317.83 	 0.00410681
3317.90 	 -0.000664277
3317.98 	 -0.00365118
3318.05 	 -0.00266352
3318.13 	 0.00115964
3318.20 	 0.00225006
3318.28 	 -0.000687440
3318.35 	 -0.00356216
3318.43 	 -0.00367786
3318.50 	 -0.00395769
3318.58 	 -0.00467647
3318.65 	 -0.00343341
3318.73 	 -0.00237316
3318.80 	 -0.000540631
3318.88 	 0.00201486
3318.95 	 0.00399473
3319.03 	 0.00418900
3319.10 	 0.00174387
3319.18 	 -0.00140531
3319.25 	 -0.00271732
3319.33 	 0.000229397
3319.40 	 0.00358903
3319.48 	 0.00444851
3319.55 	 0.00375583
3319.63 	 0.00221536
3319.70 	 0.000855829
3319.78 	 0.000995740
3319.85 	 0.00311994
3319.93 	 0.00644064
3320.00 	 0.00886818
3320.08 	 0.00921676
3320.15 	 0.00801480
3320.23 	 0.00668660
3320.30 	 0.00834019
3320.38 	 0.00990832
3320.45 	 0.00842054
3320.53 	 0.00961071
3320.60 	 0.00829748
3320.68 	 0.00214078
3320.75 	 0.000169463
3320.83 	 0.000641145
3320.90 	 0.000709114
3320.98 	 0.00000
3321.05 	 -0.000187233
3321.13 	 0.000215399
3321.20 	 -0.00157710
3321.28 	 -0.000426533
3321.35 	 0.00412810
3321.43 	 0.00538869
3321.50 	 0.00341314
3321.58 	 0.00227920
3321.65 	 0.00366109
3321.73 	 0.00524695
3321.80 	 0.00611997
3321.88 	 0.00534693
3321.95 	 0.00311960
3322.03 	 0.00121090
3322.10 	 0.00130997
3322.18 	 0.00314525
3322.25 	 0.00223322
3322.33 	 -0.000432541
3322.40 	 -0.000233122
3322.48 	 0.00162699
3322.55 	 0.00157781
3322.63 	 0.00165374
3322.70 	 0.00160646
3322.78 	 -0.00108008
3322.85 	 -0.00249298
3322.93 	 -0.000931261
3323.00 	 0.000623754
3323.08 	 0.00235948
3323.15 	 0.00479280
3323.23 	 0.00573057
3323.30 	 0.00541394
3323.38 	 0.00245948
3323.45 	 -0.00126455
3323.53 	 0.000896142
3323.60 	 0.00665647
3323.68 	 0.00827482
3323.75 	 0.00537011
3323.83 	 0.00350170
3323.90 	 0.00276568
3323.98 	 0.00165609
3324.05 	 0.00217273
3324.13 	 0.00450050
3324.20 	 0.00490003
3324.28 	 0.00452012
3324.35 	 0.00490078
3324.43 	 0.00464060
3324.50 	 0.00576842
3324.58 	 0.00863550
3324.65 	 0.0105787
3324.73 	 0.0103985
3324.80 	 0.00864646
3324.88 	 0.00976190
3324.95 	 0.0146217
3325.03 	 0.0147520
3325.10 	 0.0110777
3325.18 	 0.00852609
3325.25 	 0.00739786
3325.33 	 0.00910576
3325.40 	 0.00968963
3325.48 	 0.00703447
3325.55 	 0.00796175
3325.63 	 0.0107854
3325.70 	 0.00930231
3325.78 	 0.00721663
3325.85 	 0.00720761
3325.93 	 0.00499492
3326.00 	 0.00283494
3326.08 	 0.00552964
3326.15 	 0.00697571
3326.23 	 0.00690617
3326.30 	 0.00825594
3326.38 	 0.00464494
3326.45 	 -0.000682848
3326.53 	 -0.000401379
3326.60 	 0.00270937
3326.68 	 0.00242132
3326.75 	 0.000403946
3326.83 	 0.000568870
3326.90 	 -0.000297906
3326.98 	 -0.00104114
3327.05 	 -0.00212684
3327.13 	 -0.00291457
3327.20 	 0.000737035
3327.28 	 0.00552880
3327.35 	 0.00793937
3327.43 	 0.00763435
3327.50 	 0.00798845
3327.58 	 0.00882222
3327.65 	 0.00791595
3327.73 	 0.00916532
3327.80 	 0.0106568
3327.88 	 0.00911835
3327.95 	 0.00900947
3328.03 	 0.0124966
3328.10 	 0.0163500
3328.18 	 0.0192623
3328.25 	 0.0204469
3328.33 	 0.0184199
3328.40 	 0.0170852
3328.48 	 0.0191398
3328.55 	 0.0219010
3328.63 	 0.0243548
3328.70 	 0.0277489
3328.78 	 0.0326086
3328.85 	 0.0360149
3328.93 	 0.0393830
3329.00 	 0.0457201
3329.08 	 0.0535257
3329.15 	 0.0623953
3329.23 	 0.0721013
3329.30 	 0.0824401
3329.38 	 0.0912473
3329.45 	 0.103223
3329.53 	 0.120019
3329.60 	 0.138151
3329.68 	 0.158942
3329.75 	 0.178253
3329.83 	 0.196197
3329.90 	 0.211946
3329.98 	 0.222779
3330.05 	 0.231893
3330.13 	 0.237419
3330.20 	 0.236352
3330.28 	 0.229146
3330.35 	 0.215324
3330.43 	 0.196609
3330.50 	 0.176759
3330.58 	 0.153256
3330.65 	 0.124363
3330.73 	 0.0885397
3330.80 	 0.0479291
3330.88 	 0.0124262
3330.95 	 -0.0209606
3331.03 	 -0.0592659
3331.10 	 -0.0983118
3331.18 	 -0.131576
3331.25 	 -0.157802
3331.33 	 -0.178465
3331.40 	 -0.197749
3331.48 	 -0.214472
3331.55 	 -0.219046
3331.63 	 -0.216169
3331.70 	 -0.213490
3331.78 	 -0.205840
3331.85 	 -0.193467
3331.93 	 -0.179817
3332.00 	 -0.164228
3332.08 	 -0.148527
3332.15 	 -0.134944
3332.23 	 -0.119935
3332.30 	 -0.103171
3332.38 	 -0.0913485
3332.45 	 -0.0817395
3332.53 	 -0.0712990
3332.60 	 -0.0641886
3332.68 	 -0.0559824
3332.75 	 -0.0471071
3332.83 	 -0.0454573
3332.90 	 -0.0438858
3332.98 	 -0.0359175
3333.05 	 -0.0288101
3333.13 	 -0.0248484
3333.20 	 -0.0220272
3333.28 	 -0.0203914
3333.35 	 -0.0190906
3333.43 	 -0.0163399
3333.50 	 -0.0114492
3333.58 	 -0.00866997
3333.65 	 -0.00955235
3333.73 	 -0.0113442
3333.80 	 -0.0116443
3333.88 	 -0.00930891
3333.95 	 -0.00848112
3334.03 	 -0.0103986
3334.10 	 -0.00978174
3334.18 	 -0.00786056
3334.25 	 -0.00765725
3334.33 	 -0.00853399
3334.40 	 -0.0116128
3334.48 	 -0.00995608
3334.55 	 -0.00449368
3334.63 	 -0.00547761
3334.70 	 -0.00772861
3334.78 	 -0.00663123
3334.85 	 -0.00530613
3334.93 	 -0.00561091
3335.00 	 -0.00742665
3335.08 	 -0.00865077
3335.15 	 -0.00828952
3335.23 	 -0.00883493
3335.30 	 -0.00963633
3335.38 	 -0.00822340
3335.45 	 -0.00687413
3335.53 	 -0.00748279
3335.60 	 -0.00830467
3335.68 	 -0.00640061
3335.75 	 -0.00421728
3335.83 	 -0.00361136
3335.90 	 -0.00269705
3335.98 	 -0.00302885
3336.05 	 -0.00560818
3336.13 	 -0.00531714
3336.20 	 -0.00287471
3336.28 	 -0.00355280
3336.35 	 -0.00327047
3336.43 	 1.37873e-06
3336.50 	 0.000729348
3336.58 	 0.000804333
3336.65 	 0.00548884
3336.73 	 0.00892057
3336.80 	 0.00710367
3336.88 	 0.00558708
3336.95 	 0.00634858
3337.03 	 0.00714060
3337.10 	 0.00820934
3337.18 	 0.0106645
3337.25 	 0.0127881
3337.33 	 0.0143343
3337.40 	 0.0156281
3337.48 	 0.0156918
3337.55 	 0.0146592
3337.63 	 0.0131733
3337.70 	 0.0127392
3337.78 	 0.0125689
3337.85 	 0.00998083
3337.93 	 0.00576367
3338.00 	 0.00486287
3338.08 	 0.00615836
3338.15 	 0.00591306
3338.23 	 0.00257706
3338.30 	 -0.00148179
3338.38 	 -0.000260029
3338.45 	 0.00222866
3338.53 	 0.000391670
3338.60 	 -0.00448265
3338.68 	 -0.00711710
3338.75 	 -0.00560155
3338.83 	 -0.00626554
3338.90 	 -0.0103078
3338.98 	 -0.0127251
3339.05 	 -0.0118411
3339.13 	 -0.0128492
3339.20 	 -0.0163772
3339.28 	 -0.0143505
3339.35 	 -0.0123509
3339.43 	 -0.0175916
3339.50 	 -0.0195560
3339.58 	 -0.0154113
3339.65 	 -0.0125445
3339.73 	 -0.0100364
3339.80 	 -0.00789385
3339.88 	 -0.00918894
3339.95 	 -0.0120201
3340.03 	 -0.00974086
3340.10 	 -0.00466739
3340.18 	 -0.00456122
3340.25 	 -0.00389151
3340.33 	 -0.000368759
3340.40 	 0.00281082
3340.48 	 0.00739243
3340.55 	 0.00883203
3340.63 	 0.00375141
3340.70 	 -3.27434e-06
3340.78 	 0.00526846
3340.85 	 0.0159610
3340.93 	 0.0196584
3341.00 	 0.0143122
3341.08 	 0.0108827
3341.15 	 0.0139164
3341.23 	 0.0178930
3341.30 	 0.0157479
3341.38 	 0.0106858
3341.45 	 0.0114974
3341.53 	 0.0140584
3341.60 	 0.0127497
3341.68 	 0.0134227
3341.75 	 0.0164998
3341.83 	 0.0146373
3341.90 	 0.0100279
3341.98 	 0.00851398
3342.05 	 0.00952447
3342.13 	 0.0108411
3342.20 	 0.0112884
3342.28 	 0.0124054
3342.35 	 0.0144569
3342.43 	 0.0158658
3342.50 	 0.0173791
3342.58 	 0.0175998
3342.65 	 0.0167781
3342.73 	 0.0176245
3342.80 	 0.0180300
3342.88 	 0.0209815
3342.95 	 0.0251058
3343.03 	 0.0249541
3343.10 	 0.0254175
3343.18 	 0.0282139
3343.25 	 0.0336626
3343.33 	 0.0391868
3343.40 	 0.0424027
3343.48 	 0.0480399
3343.55 	 0.0583126
3343.63 	 0.0690774
3343.70 	 0.0761760
3343.78 	 0.0847566
3343.85 	 0.0999463
3343.93 	 0.117753
3344.00 	 0.135374
3344.08 	 0.155501
3344.15 	 0.176689
3344.23 	 0.198485
3344.30 	 0.224168
3344.38 	 0.253129
3344.45 	 0.283061
3344.53 	 0.314919
3344.60 	 0.349306
3344.68 	 0.383619
3344.75 	 0.413379
3344.83 	 0.435859
3344.90 	 0.449839
3344.98 	 0.452141
3345.05 	 0.443971
3345.13 	 0.430599
3345.20 	 0.410009
3345.28 	 0.374985
3345.35 	 0.328005
3345.43 	 0.272500
3345.50 	 0.207865
3345.58 	 0.137633
3345.65 	 0.0653056
3345.73 	 -0.00718284
3345.80 	 -0.0783578
3345.88 	 -0.148338
3345.95 	 -0.215145
3346.03 	 -0.273172
3346.10 	 -0.319125
3346.18 	 -0.359253
3346.25 	 -0.392650
3346.33 	 -0.413549
3346.40 	 -0.425890
3346.48 	 -0.424561
3346.55 	 -0.413969
3346.63 	 -0.400711
3346.70 	 -0.378385
3346.78 	 -0.354432
3346.85 	 -0.331990
3346.93 	 -0.303237
3347.00 	 -0.269631
3347.08 	 -0.237091
3347.15 	 -0.208976
3347.23 	 -0.184474
3347.30 	 -0.161713
3347.38 	 -0.141498
3347.45 	 -0.124919
3347.53 	 -0.112423
3347.60 	 -0.0994369
3347.68 	 -0.0861246
3347.75 	 -0.0771573
3347.83 	 -0.0692817
3347.90 	 -0.0612848
3347.98 	 -0.0543515
3348.05 	 -0.0489968
3348.13 	 -0.0448459
3348.20 	 -0.0439086
3348.28 	 -0.0431517
3348.35 	 -0.0352582
3348.43 	 -0.0294406
3348.50 	 -0.0292813
3348.58 	 -0.0258605
3348.65 	 -0.0226013
3348.73 	 -0.0236527
3348.80 	 -0.0251339
3348.88 	 -0.0260521
3348.95 	 -0.0275689
3349.03 	 -0.0293319
3349.10 	 -0.0297434
3349.18 	 -0.0295119
3349.25 	 -0.0324494
3349.33 	 -0.0369186
3349.40 	 -0.0371331
3349.48 	 -0.0328361
3349.55 	 -0.0283878
3349.63 	 -0.0264302
3349.70 	 -0.0263288
3349.78 	 -0.0272070
3349.85 	 -0.0252006
3349.93 	 -0.0218148
3350.00 	 -0.0226808
3350.08 	 -0.0236293
3350.15 	 -0.0231372
3350.23 	 -0.0197666
3350.30 	 -0.0145249
3350.38 	 -0.0135275
3350.45 	 -0.0141734
3350.53 	 -0.0137913
3350.60 	 -0.0124871
3350.68 	 -0.0151907
3350.75 	 -0.0179927
3350.83 	 -0.0127585
3350.90 	 -0.00855538
3350.98 	 -0.00869308
3351.05 	 -0.00824692
3351.13 	 -0.00812858
3351.20 	 -0.00859148
3351.28 	 -0.00737836
3351.35 	 -0.00101804
3351.43 	 0.00808014
3351.50 	 0.0124808
3351.58 	 0.0150614
3351.65 	 0.0171466
3351.73 	 0.0170379
3351.80 	 0.0173001
3351.88 	 0.0155958
3351.95 	 0.0146495
3352.03 	 0.0134731
3352.10 	 0.0124390
3352.18 	 0.0156637
3352.25 	 0.0150488
3352.33 	 0.0147752
3352.40 	 0.0186224
3352.48 	 0.0181167
3352.55 	 0.0153139
3352.63 	 0.0129204
3352.70 	 0.0114508
3352.78 	 0.00784760
3352.85 	 0.00189746
3352.93 	 0.00155534
3353.00 	 0.00148086
3353.08 	 -0.00251233
3353.15 	 -0.00403776
3353.23 	 -0.00482096
3353.30 	 -0.00690579
3353.38 	 -0.00901772
3353.45 	 -0.0102556
3353.53 	 -0.00901534
3353.60 	 -0.00976455
3353.68 	 -0.0158995
3353.75 	 -0.0216401
3353.83 	 -0.0219752
3353.90 	 -0.0211654
3353.98 	 -0.0237974
3354.05 	 -0.0272613
3354.13 	 -0.0276937
3354.20 	 -0.0236450
3354.28 	 -0.0186484
3354.35 	 -0.0150541
3354.43 	 -0.0127650
3354.50 	 -0.0129277
3354.58 	 -0.0138313
3354.65 	 -0.0146242
3354.73 	 -0.0141885
3354.80 	 -0.0118725
3354.88 	 -0.00812198
3354.95 	 -0.00442740
3355.03 	 -0.00448551
3355.10 	 -0.00710174
3355.18 	 -0.0115542
3355.25 	 -0.0126605
3355.33 	 -0.00488946
3355.40 	 0.000934369
3355.48 	 -0.00403083
3355.55 	 -0.00886255
3355.63 	 -0.00387909
3355.70 	 0.00279472
3355.78 	 0.00520837
3355.85 	 0.00484962
3355.93 	 0.00406549
3356.00 	 0.00510077
3356.08 	 0.00563060
3356.15 	 0.00490361
3356.23 	 0.00578432
3356.30 	 0.00841251
3356.38 	 0.00989998
3356.45 	 0.0107279
3356.53 	 0.0121473
3356.60 	 0.0112917
3356.68 	 0.00973685
3356.75 	 0.0100688
3356.83 	 0.0111930
3356.90 	 0.0111403
3356.98 	 0.00771278
3357.05 	 0.00475947
3357.13 	 0.00502078
3357.20 	 0.00511628
3357.28 	 0.00695009
3357.35 	 0.00863599
3357.43 	 0.00627097
3357.50 	 0.00691566
3357.58 	 0.00940442
3357.65 	 0.00968707
3357.73 	 0.0105443
3357.80 	 0.0128250
3357.88 	 0.0165920
3357.95 	 0.0167965
3358.03 	 0.0153794
3358.10 	 0.0183156
3358.18 	 0.0218041
3358.25 	 0.0260582
3358.33 	 0.0317745
3358.40 	 0.0361898
3358.48 	 0.0417063
3358.55 	 0.0487318
3358.63 	 0.0567838
3358.70 	 0.0655833
3358.78 	 0.0755860
3358.85 	 0.0901986
3358.93 	 0.107379
3359.00 	 0.125087
3359.08 	 0.143357
3359.15 	 0.163993
3359.23 	 0.192412
3359.30 	 0.223569
3359.38 	 0.248976
3359.45 	 0.275025
3359.53 	 0.306870
3359.60 	 0.337871
3359.68 	 0.363100
3359.75 	 0.386891
3359.83 	 0.408489
3359.90 	 0.419422
3359.98 	 0.423332
3360.05 	 0.419809
3360.13 	 0.403240
3360.20 	 0.377835
3360.28 	 0.340609
3360.35 	 0.290195
3360.43 	 0.235819
3360.50 	 0.178886
3360.58 	 0.113653
3360.65 	 0.0425552
3360.73 	 -0.0277179
3360.80 	 -0.0979694
3360.88 	 -0.167036
3360.95 	 -0.228159
3361.03 	 -0.281901
3361.10 	 -0.329820
3361.18 	 -0.368028
3361.25 	 -0.397229
3361.33 	 -0.416221
3361.40 	 -0.423924
3361.48 	 -0.426296
3361.55 	 -0.421326
3361.63 	 -0.404592
3361.70 	 -0.380965
3361.78 	 -0.355325
3361.85 	 -0.330069
3361.93 	 -0.304357
3362.00 	 -0.277286
3362.08 	 -0.252570
3362.15 	 -0.229668
3362.23 	 -0.205617
3362.30 	 -0.181230
3362.38 	 -0.159858
3362.45 	 -0.142782
3362.53 	 -0.128647
3362.60 	 -0.114775
3362.68 	 -0.100744
3362.75 	 -0.0921558
3362.83 	 -0.0853956
3362.90 	 -0.0750851
3362.98 	 -0.0683440
3363.05 	 -0.0653368
3363.13 	 -0.0618709
3363.20 	 -0.0576514
3363.28 	 -0.0531290
3363.35 	 -0.0485120
3363.43 	 -0.0445369
3363.50 	 -0.0414960
3363.58 	 -0.0363763
3363.65 	 -0.0314407
3363.73 	 -0.0297368
3363.80 	 -0.0304088
3363.88 	 -0.0312633
3363.95 	 -0.0323091
3364.03 	 -0.0332056
3364.10 	 -0.0310270
3364.18 	 -0.0309685
3364.25 	 -0.0341762
3364.33 	 -0.0354738
3364.40 	 -0.0349787
3364.48 	 -0.0353261
3364.55 	 -0.0372722
3364.63 	 -0.0357039
3364.70 	 -0.0325800
3364.78 	 -0.0308292
3364.85 	 -0.0329146
3364.93 	 -0.0386734
3365.00 	 -0.0384214
3365.08 	 -0.0321971
3365.15 	 -0.0284828
3365.23 	 -0.0291076
3365.30 	 -0.0295038
3365.38 	 -0.0284551
3365.45 	 -0.0262999
3365.53 	 -0.0236620
3365.60 	 -0.0230656
3365.68 	 -0.0237650
3365.75 	 -0.0213992
3365.83 	 -0.0200287
3365.90 	 -0.0228928
3365.98 	 -0.0221677
3366.05 	 -0.0154714
3366.13 	 -0.0108642
3366.20 	 -0.0117621
3366.28 	 -0.00974243
3366.35 	 -0.00582181
3366.43 	 -0.00434872
3366.50 	 -0.00333231
3366.58 	 -0.00450950
3366.65 	 -0.00516474
3366.73 	 -0.00198379
3366.80 	 0.00166386
3366.88 	 0.00180865
3366.95 	 -0.00102332
3367.03 	 -0.00441289
3367.10 	 -0.00298349
3367.18 	 0.00142108
3367.25 	 0.000221411
3367.33 	 -0.00436047
3367.40 	 -0.00538957
3367.48 	 -0.00415752
3367.55 	 -0.00462758
3367.63 	 -0.00438842
3367.70 	 -0.00602938
3367.78 	 -0.00944845
3367.85 	 -0.00968649
3367.93 	 -0.0101053
3368.00 	 -0.0112546
3368.08 	 -0.0123214
3368.15 	 -0.0148452
3368.23 	 -0.0171430
3368.30 	 -0.0196406
3368.38 	 -0.0187731
3368.45 	 -0.0141401
3368.53 	 -0.0176548
3368.60 	 -0.0251338
3368.68 	 -0.0255864
3368.75 	 -0.0220749
3368.83 	 -0.0197083
3368.90 	 -0.0217123
3368.98 	 -0.0253993
3369.05 	 -0.0257017
3369.13 	 -0.0220828
3369.20 	 -0.0199290
3369.28 	 -0.0200135
3369.35 	 -0.0187222
3369.43 	 -0.0166705
3369.50 	 -0.0127096
3369.58 	 -0.00929683
3369.65 	 -0.0120592
3369.73 	 -0.0144411
3369.80 	 -0.0118600
3369.88 	 -0.0126658
3369.95 	 -0.0141266
3370.03 	 -0.0117500
3370.10 	 -0.00935371
3370.18 	 -0.00643094
3370.25 	 -0.00415604
3370.33 	 -0.00226852
3370.40 	 0.00160950
3370.48 	 0.000954076
3370.55 	 -0.00304942
3370.63 	 -0.00362758
3370.70 	 -0.00343523
3370.78 	 -0.00539791
3370.85 	 -0.00810215
3370.93 	 -0.00566838
3371.00 	 -0.000200477
3371.08 	 0.00173891
3371.15 	 0.00252978
3371.23 	 0.00178396
3371.30 	 1.52458e-05
3371.38 	 0.00407754
3371.45 	 0.00910679
3371.53 	 0.00707884
3371.60 	 0.00132806
3371.68 	 -0.000608992
3371.75 	 0.00303095
3371.83 	 0.00522940
3371.90 	 0.00358468
3371.98 	 0.00498857
3372.05 	 0.00737242
3372.13 	 0.00362770
3372.20 	 0.00213201
3372.28 	 0.00740824
3372.35 	 0.0100322
3372.43 	 0.00704859
3372.50 	 0.00209870
3372.58 	 0.000881690
3372.65 	 0.00333056
3372.73 	 0.00288980
3372.80 	 0.00314951
3372.88 	 0.00646376
3372.95 	 0.00958286
3373.03 	 0.0130923
3373.10 	 0.0139699
3373.18 	 0.0124845
3373.25 	 0.0151261
3373.33 	 0.0209715
3373.40 	 0.0257538
3373.48 	 0.0296740
3373.55 	 0.0324213
3373.63 	 0.0365893
3373.70 	 0.0448508
3373.78 	 0.0573923
3373.85 	 0.0698246
3373.93 	 0.0772599
3374.00 	 0.0844761
3374.08 	 0.0927934
3374.15 	 0.102392
3374.23 	 0.119967
3374.30 	 0.142297
3374.38 	 0.159137
3374.45 	 0.170073
3374.53 	 0.182501
3374.60 	 0.199177
3374.68 	 0.215363
3374.75 	 0.225628
3374.83 	 0.229567
3374.90 	 0.229671
3374.98 	 0.227250
3375.05 	 0.219277
3375.13 	 0.198268
3375.20 	 0.170519
3375.28 	 0.145029
3375.35 	 0.114953
3375.43 	 0.0775483
3375.50 	 0.0373615
3375.58 	 -0.000975878
3375.65 	 -0.0365417
3375.73 	 -0.0720937
3375.80 	 -0.106844
3375.88 	 -0.138772
3375.95 	 -0.163626
3376.03 	 -0.181969
3376.10 	 -0.196223
3376.18 	 -0.203889
3376.25 	 -0.209145
3376.33 	 -0.211468
3376.40 	 -0.206721
3376.48 	 -0.199886
3376.55 	 -0.191598
3376.63 	 -0.179390
3376.70 	 -0.161632
3376.78 	 -0.143930
3376.85 	 -0.132738
3376.93 	 -0.121293
3377.00 	 -0.107713
3377.08 	 -0.0970479
3377.15 	 -0.0867499
3377.23 	 -0.0746876
3377.30 	 -0.0649789
3377.38 	 -0.0549079
3377.45 	 -0.0462088
3377.53 	 -0.0418744
3377.60 	 -0.0378927
3377.68 	 -0.0337291
3377.75 	 -0.0302935
3377.83 	 -0.0267230
3377.90 	 -0.0212125
3377.98 	 -0.0186608
3378.05 	 -0.0205117
3378.13 	 -0.0193748
3378.20 	 -0.0141207
3378.28 	 -0.0114235
3378.35 	 -0.0110368
3378.43 	 -0.00924936
3378.50 	 -0.00802347
3378.58 	 -0.00595782
3378.65 	 -0.00597947
3378.73 	 -0.00971034
3378.80 	 -0.0106422
3378.88 	 -0.00898527
3378.95 	 -0.00689398
3379.03 	 -0.00477440
3379.10 	 -0.00461154
3379.18 	 -0.00634926
3379.25 	 -0.00355851
3379.33 	 -0.000774818
3379.40 	 -0.000517560
3379.48 	 0.00290148
3379.55 	 0.00208021
3379.63 	 -0.000647540
3379.70 	 -0.00133733
3379.78 	 -0.00505238
3379.85 	 -0.00634811
3379.93 	 -0.00362066
3380.00 	 -0.00346241
3380.08 	 -0.00244966
3380.15 	 0.00186064
3380.23 	 0.00541472
3380.30 	 0.00803165
3380.38 	 0.00739811
3380.45 	 0.00291818
3380.53 	 -0.000552231
3380.60 	 -0.000147145
3380.68 	 0.00000
3380.75 	 -0.00338448
3380.83 	 -0.00507118
3380.90 	 -0.00158580
3380.98 	 0.00275273
3381.05 	 0.00354782
3381.13 	 0.00355142
3381.20 	 0.00419153
3381.28 	 0.00347983
3381.35 	 0.00179869
3381.43 	 0.00145834
3381.50 	 0.00247055
3381.58 	 0.00301110
3381.65 	 0.000835901
3381.73 	 -0.00139338
3381.80 	 0.000975453
3381.88 	 0.00327635
3381.95 	 0.00450212
3382.03 	 0.00443607
3382.10 	 -0.000939373
3382.18 	 -0.00570343
3382.25 	 -0.00613840
3382.33 	 -0.00488982
3382.40 	 -0.00217550
3382.48 	 -0.000765040
3382.55 	 -0.00220735
3382.63 	 -0.00304903
3382.70 	 -0.00131101
3382.78 	 -2.28339e-05
3382.85 	 -0.000914953
3382.93 	 -0.00230945
3383.00 	 -0.00264724
3383.08 	 -0.00307957
3383.15 	 -0.00153359
3383.23 	 0.00409971
3383.30 	 0.00543176
3383.38 	 0.000631047
3383.45 	 -0.00260114
3383.53 	 -0.00157002
3383.60 	 -0.000364334
3383.68 	 -0.000523439
3383.75 	 0.000706923
3383.83 	 0.00108975
3383.90 	 -0.000319960
3383.98 	 -0.00438231
3384.05 	 -0.00778971
3384.13 	 -0.00541302
3384.20 	 -0.00408259
3384.28 	 -0.00303672
3384.35 	 0.000238976
3384.43 	 -0.00128474
3384.50 	 -0.00440699
3384.58 	 -0.00276315
3384.65 	 -0.00244817
3384.73 	 -0.00560968
3384.80 	 -0.00653309
3384.88 	 -0.00932776
3384.95 	 -0.0136043
3385.03 	 -0.0117639
3385.10 	 -0.00767906
3385.18 	 -0.00563144
3385.25 	 -0.00406265
3385.33 	 -0.00446411
3385.40 	 -0.00527364
3385.48 	 -0.00412636
3385.55 	 -0.00337837
3385.63 	 -0.00294078
3385.70 	 -0.00441484
3385.78 	 -0.00768882
3385.85 	 -0.00845262
3385.93 	 -0.00688867
3386.00 	 -0.00539343
3386.08 	 -0.00448590
3386.15 	 -0.00196354
3386.23 	 -0.00116778
3386.30 	 -0.00456081
3386.38 	 -0.00598083
3386.45 	 -0.00183536
3386.53 	 0.00176410
3386.60 	 0.000240691
3386.68 	 -0.000277211
3386.75 	 0.000431086
3386.83 	 -0.00188568
3386.90 	 -0.00295129
3386.98 	 0.00109539
3387.05 	 0.00328426
3387.13 	 -0.000580344
3387.20 	 -0.00175455
3387.28 	 0.000151456
3387.35 	 0.000272175
3387.43 	 -0.000705715
3387.50 	 -0.00406501
3387.58 	 -0.00766232
3387.65 	 -0.00839777
3387.73 	 -0.00501567
3387.80 	 -0.00142647
3387.88 	 -0.00154686
3387.95 	 -0.00307049
3388.03 	 -0.00366359
3388.10 	 -0.00133035
3388.18 	 0.00162057
3388.25 	 0.00248353
3388.33 	 -0.000432638
3388.40 	 -0.00486614
3388.48 	 -0.00421620
3388.55 	 -0.00110314
3388.63 	 0.00000
3388.70 	 -0.000234828
3388.78 	 -0.000661470
3388.85 	 -0.00182064
3388.93 	 -0.00554457
3389.00 	 -0.00735756
3389.08 	 -0.00335001
3389.15 	 0.00103886
3389.23 	 0.00398340
3389.30 	 0.00540649
3389.38 	 0.00180429
3389.45 	 -0.00282171
3389.53 	 -0.00470380
3389.60 	 -0.00455104
3389.68 	 -0.00114303
3389.75 	 0.00230606
3389.83 	 3.44776e-05
3389.90 	 -0.00101661
3389.98 	 0.00332832
3390.05 	 0.00589369
3390.13 	 0.00550317
3390.20 	 0.000719652
3390.28 	 -0.00405546
3390.35 	 -0.00164124
3390.43 	 0.00123186
3390.50 	 0.00188462
3390.58 	 0.00302501
3390.65 	 0.00346014
3390.73 	 0.00318216
3390.80 	 0.00191094
3390.88 	 0.00422817
3390.95 	 0.0100579
3391.03 	 0.0112371
3391.10 	 0.00690738
3391.18 	 0.00453015
3391.25 	 0.00578784
3391.33 	 0.00447419
3391.40 	 0.00402554
3391.48 	 0.00720055
3391.55 	 0.00590809
3391.63 	 0.00284420
3391.70 	 0.00478922
3391.78 	 0.00517454
3391.85 	 0.00499586
3391.93 	 0.00678237
3392.00 	 0.00386559
3392.08 	 0.00331566
3392.15 	 0.00882486
3392.23 	 0.0102098
3392.30 	 0.00949699
3392.38 	 0.0100559
3392.45 	 0.0103672
3392.53 	 0.0120073
3392.60 	 0.0126706
3392.68 	 0.0141837
3392.75 	 0.0179245
3392.83 	 0.0192933
3392.90 	 0.0156178
3392.98 	 0.0122714
3393.05 	 0.0151560
3393.13 	 0.0166114
3393.20 	 0.0128526
3393.28 	 0.0138669
3393.35 	 0.0181616
3393.43 	 0.0167640
3393.50 	 0.0139484
3393.58 	 0.0114733
3393.65 	 0.00628778
3393.73 	 0.00277760
3393.80 	 0.00450211
3393.88 	 0.00484997
3393.95 	 0.000223971
3394.03 	 -0.00109721
3394.10 	 0.00485022
3394.18 	 0.00959131
3394.25 	 0.00672928
3394.33 	 0.000887841
3394.40 	 -0.00342637
3394.48 	 -0.00269607
3394.55 	 0.000468536
3394.63 	 -0.000567241
3394.70 	 -0.00393258
3394.78 	 -0.00610794
3394.85 	 -0.00738413
3394.93 	 -0.00789676
3395.00 	 -0.00669948
3395.08 	 -0.0107846
3395.15 	 -0.0224647
3395.23 	 -0.0294605
3395.30 	 -0.0272264
3395.38 	 -0.0243535
3395.45 	 -0.0245783
3395.53 	 -0.0245588
3395.60 	 -0.0218690
3395.68 	 -0.0191681
3395.75 	 -0.0221637
3395.83 	 -0.0298681
3395.90 	 -0.0364128
3395.98 	 -0.0387199
3396.05 	 -0.0404805
3396.13 	 -0.0406188
3396.20 	 -0.0378378
3396.28 	 -0.0398926
3396.35 	 -0.0428847
3396.43 	 -0.0409668
3396.50 	 -0.0394066
3396.58 	 -0.0391122
3396.65 	 -0.0388554
3396.73 	 -0.0403260
3396.80 	 -0.0409943
3396.88 	 -0.0396082
3396.95 	 -0.0384291
3397.03 	 -0.0381655
3397.10 	 -0.0382292
3397.18 	 -0.0397176
3397.25 	 -0.0429215
3397.33 	 -0.0408738
3397.40 	 -0.0391765
3397.48 	 -0.0427576
3397.55 	 -0.0406647
3397.63 	 -0.0365769
3397.70 	 -0.0386919
3397.78 	 -0.0411188
3397.85 	 -0.0383959
3397.93 	 -0.0374259
3398.00 	 -0.0386279
3398.08 	 -0.0377332
3398.15 	 -0.0395162
3398.23 	 -0.0403309
3398.30 	 -0.0378537
3398.38 	 -0.0358417
3398.45 	 -0.0347619
3398.53 	 -0.0335457
3398.60 	 -0.0284143
3398.68 	 -0.0234164
3398.75 	 -0.0284425
3398.83 	 -0.0334466
3398.90 	 -0.0290796
3398.98 	 -0.0266335
3399.05 	 -0.0290230
3399.13 	 -0.0289630
3399.20 	 -0.0259531
3399.28 	 -0.0260639
3399.35 	 -0.0279983
3399.43 	 -0.0255240
3399.50 	 -0.0218209
3399.58 	 -0.0232296
3399.65 	 -0.0234074
3399.73 	 -0.0212826
3399.80 	 -0.0258131
3399.88 	 -0.0295477
3399.95 	 -0.0268912
3400.03 	 -0.0227982
3400.10 	 -0.0193945
3400.18 	 -0.0187421
3400.25 	 -0.0220803
3400.33 	 -0.0274238
3400.40 	 -0.0276771
3400.48 	 -0.0242949
3400.55 	 -0.0219588
3400.63 	 -0.0203177
3400.70 	 -0.0191624
3400.78 	 -0.0163232
3400.85 	 -0.0154187
3400.93 	 -0.0158090
3401.00 	 -0.0144616
3401.08 	 -0.0143141
3401.15 	 -0.0152119
3401.23 	 -0.0154982
3401.30 	 -0.0158479
3401.38 	 -0.0148256
3401.45 	 -0.0120674
3401.53 	 -0.0129128
3401.60 	 -0.0133991
3401.68 	 -0.0116738
3401.75 	 -0.0122557
3401.83 	 -0.0116836
3401.90 	 -0.0117291
3401.98 	 -0.0111366
3402.05 	 -0.00609058
3402.13 	 -0.00336739
3402.20 	 -0.00541894
3402.28 	 -0.00856906
3402.35 	 -0.0100378
3402.43 	 -0.00960991
3402.50 	 -0.00956085
3402.58 	 -0.00970143
3402.65 	 -0.0102525
3402.73 	 -0.0105734
3402.80 	 -0.00609121
3402.88 	 -0.00189163
3402.95 	 -0.00411934
3403.03 	 -0.00644098
3403.10 	 -0.00623822
3403.18 	 -0.00835795
3403.25 	 -0.00965355
3403.33 	 -0.00469531
3403.40 	 -0.00116218
3403.48 	 -0.00540559
3403.55 	 -0.0118965
3403.63 	 -0.0128035
3403.70 	 -0.00689473
3403.78 	 -0.000204498
3403.85 	 0.00181950
3403.93 	 -5.27153e-05
3404.00 	 -0.00249330
3404.08 	 -0.00312978
3404.15 	 -0.00199257
3404.23 	 -0.00279377
3404.30 	 -0.00570789
3404.38 	 -0.00951894
3404.45 	 -0.00958007
3404.53 	 -0.00314817
3404.60 	 0.000407184
3404.68 	 -0.00161798
3404.75 	 -0.00395016
3404.83 	 -0.00722874
3404.90 	 -0.00829250
3404.98 	 -0.00365288
3405.05 	 -0.000142408
3405.13 	 -0.00107504
3405.20 	 -0.00176487
3405.28 	 0.00239194
3405.35 	 0.00682171
3405.43 	 0.00599101
3405.50 	 0.00456149
3405.58 	 0.00319321
3405.65 	 0.00149813
3405.73 	 0.00000
3405.80 	 -0.000437816
3405.88 	 0.00340730
3405.95 	 0.00530250
3406.03 	 0.00299930
3406.10 	 -4.24489e-06
3406.18 	 -0.00158573
3406.25 	 -0.000254430
3406.33 	 2.84099e-05
3406.40 	 -0.000473833
3406.48 	 0.00279341
3406.55 	 0.00703386
3406.63 	 0.00898448
3406.70 	 0.0100243
3406.78 	 0.00784651
3406.85 	 0.00489893
3406.93 	 0.00787976
3407.00 	 0.00914015
3407.08 	 0.00343408
3407.15 	 -0.000705120
3407.23 	 -0.00219646
3407.30 	 -0.00349074
3407.38 	 -0.00303876
3407.45 	 -0.00137683
3407.53 	 0.000328992
3407.60 	 -0.000391911
3407.68 	 -0.00473298
3407.75 	 -0.00634382
3407.83 	 -0.00307617
3407.90 	 0.00220866
3407.98 	 0.00702893
3408.05 	 0.00677335
3408.13 	 0.00524605
3408.20 	 0.00847087
3408.28 	 0.0108585
3408.35 	 0.00633137
3408.43 	 0.000789213
3408.50 	 0.00190067
3408.58 	 0.00483773
3408.65 	 0.00531281
3408.73 	 0.00442286
3408.80 	 0.00421240
3408.88 	 0.00615787
3408.95 	 0.00737295
3409.03 	 0.00886858
3409.10 	 0.00681013
3409.18 	 0.00145755
3409.25 	 0.000728035
3409.33 	 0.000518006
3409.40 	 -0.00277038
3409.48 	 -0.00356562
3409.55 	 -0.000955205
3409.63 	 0.00178194
3409.70 	 0.00451940
3409.78 	 0.00514129
3409.85 	 0.000349758
3409.93 	 -0.00404766
3410.00 	 -0.00142622
3410.08 	 0.00301811
3410.15 	 0.00765348
3410.23 	 0.00990539
3410.30 	 0.00708103
3410.38 	 0.00468965
3410.45 	 0.00579143
3410.53 	 0.0107246
3410.60 	 0.0112178
3410.68 	 0.00734133
3410.75 	 0.00641703
3410.83 	 0.00651371
3410.90 	 0.00680736
3410.98 	 0.00762285
3411.05 	 0.00800669
3411.13 	 0.00546002
3411.20 	 0.00305831
3411.28 	 0.00454890
3411.35 	 0.00269896
3411.43 	 -0.00160868
3411.50 	 0.000929339
3411.58 	 0.00581385
3411.65 	 0.00583344
3411.73 	 0.00685204
3411.80 	 0.0106387
3411.88 	 0.0106134
3411.95 	 0.00669889
3412.03 	 0.00377276
3412.10 	 0.00315433
3412.18 	 0.000925864
3412.25 	 0.00000
3412.33 	 0.00425480
3412.40 	 0.00752186
3412.48 	 0.00820666
3412.55 	 0.00841707
3412.63 	 0.00735730
3412.70 	 0.00424028
3412.78 	 0.00303879
3412.85 	 0.00503689
3412.93 	 0.00284148
3413.00 	 0.000709832
3413.08 	 0.00490256
3413.15 	 0.00658544
3413.23 	 0.00112685
3413.30 	 -0.00349607
3413.38 	 -0.00329431
3413.45 	 -0.00162355
3413.53 	 -0.00263876
3413.60 	 -0.00321538
3413.68 	 -0.000276329
3413.75 	 0.00193761
3413.83 	 0.00264983
3413.90 	 0.00139523
3413.98 	 -0.000697443
3414.05 	 0.00205042
3414.13 	 0.00869509
3414.20 	 0.00852524
3414.28 	 0.00523416
3414.35 	 0.00658076
3414.43 	 0.00632562
3414.50 	 0.00350902
3414.58 	 0.00296380
3414.65 	 0.00628056
3414.73 	 0.0102445
3414.80 	 0.00960148
3414.88 	 0.00550068
3414.95 	 0.00535623
3415.03 	 0.00781300
3415.10 	 0.00938482
3415.18 	 0.00896663
3415.25 	 0.00514184
3415.33 	 0.00284096
3415.40 	 0.00374326
3415.48 	 0.00442344
3415.55 	 0.000920687
3415.63 	 -0.00283701
3415.70 	 -4.57945e-05
3415.78 	 0.00402800
3415.85 	 0.00632821
3415.93 	 0.00763565
3416.00 	 0.00381532
3416.08 	 -0.00186073
3416.15 	 -0.000706395
3416.23 	 0.00260987
3416.30 	 0.00185256
3416.38 	 0.00201347
3416.45 	 0.00322751
3416.53 	 0.00117347
3416.60 	 -0.00269020
3416.68 	 -0.00262588
3416.75 	 0.000807977
3416.83 	 0.00366142
3416.90 	 0.00573724
3416.98 	 0.00803390
3417.05 	 0.00665288
3417.13 	 0.00195590
3417.20 	 0.00206165
3417.28 	 0.00525171
3417.35 	 0.00526966
3417.43 	 0.00419119
3417.50 	 0.00663431
3417.58 	 0.00826627
3417.65 	 0.00556086
3417.73 	 0.00156421
3417.80 	 -0.00155056
3417.88 	 -0.00365993
3417.95 	 -0.00119698
3418.03 	 0.00250627
3418.10 	 9.53004e-05
3418.18 	 -0.00141684
3418.25 	 0.000249521
3418.33 	 0.00180966
3418.40 	 0.00308244
3418.48 	 0.00114063
3418.55 	 -0.000350081
3418.63 	 0.00224774
3418.70 	 0.00174610
3418.78 	 -0.00129136
3418.85 	 -0.000329086
3418.93 	 0.000140529
3419.00 	 -0.00128732
3419.08 	 -0.00246535
3419.15 	 -0.00313708
3419.23 	 -0.00212764
3419.30 	 0.00131620
3419.38 	 0.00565533
3419.45 	 0.00477358
3419.53 	 -0.000314939
3419.60 	 -0.00458922
3419.68 	 -0.00381582
3419.75 	 0.00168415
3419.83 	 0.00306891
3419.90 	 0.000182435
3419.98 	 -0.00190652
3420.05 	 0.00184251
3420.13 	 0.00843675
3420.20 	 0.00752250
3420.28 	 0.00157885
3420.35 	 0.00000
3420.43 	 -0.334056
3420.50 	 -0.331661
3420.58 	 -0.335226
3420.65 	 -0.338300
3420.73 	 -0.338019
3420.80 	 -0.337120
3420.88 	 -0.336705
3420.95 	 -0.338693
3421.03 	 -0.344321
3421.10 	 -0.343049
3421.18 	 -0.335463
3421.25 	 -0.333193
3421.33 	 -0.335634
3421.40 	 -0.336894
3421.48 	 -0.334221
3421.55 	 -0.329357
3421.63 	 -0.328870
3421.70 	 -0.334281
3421.78 	 -0.340477
3421.85 	 -0.345714
3421.93 	 -0.344524
3422.00 	 -0.339749
3422.08 	 -0.338906
3422.15 	 -0.336796
3422.23 	 -0.334389
3422.30 	 -0.334546
3422.38 	 -0.334094
3422.45 	 -0.331145
3422.53 	 -0.331924
3422.60 	 -0.335681
3422.68 	 -0.330837
3422.75 	 -0.324564
3422.83 	 -0.327193
3422.90 	 -0.331016
3422.98 	 -0.332685
3423.05 	 -0.336225
3423.13 	 -0.335821
3423.20 	 -0.332381
3423.28 	 -0.333370
3423.35 	 -0.335503
3423.43 	 -0.336513
3423.50 	 -0.334968
3423.58 	 -0.331103
3423.65 	 -0.329528
3423.73 	 -0.328268
3423.80 	 -0.325531
3423.88 	 -0.325374
3423.95 	 -0.328205
3424.03 	 -0.327333
3424.10 	 -0.324457
3424.18 	 -0.328200
3424.25 	 -0.333328
3424.33 	 -0.331361
3424.40 	 -0.326242
3424.48 	 -0.322784
3424.55 	 -0.322627
3424.63 	 -0.327388
3424.70 	 -0.331576
3424.78 	 -0.332458
3424.85 	 -0.333293
3424.93 	 -0.333739
