3275	0	-4.74412E-5
3275.08	0	-4.71518E-5
3275.15	0.00161724	-4.68597E-5
3275.23	0.00625331	-4.6565E-5
3275.3	0.00689648	-4.62676E-5
3275.38	-0.00252419	-4.59675E-5
3275.45	-0.00584585	-4.56647E-5
3275.53	0.00127284	-4.53591E-5
3275.6	0	-4.50507E-5
3275.68	-0.00417645	-4.47394E-5
3275.75	-0.00251207	-4.44253E-5
3275.83	-0.00131935	-4.41083E-5
3275.9	-0.00180216	-4.37884E-5
3275.98	-0.00316705	-4.34654E-5
3276.05	-0.00178094	-4.31395E-5
3276.13	-2.82904E-4	-4.28106E-5
3276.2	-0.0037386	-4.24785E-5
3276.28	-0.00425093	-4.21434E-5
3276.35	-0.00372402	-4.18051E-5
3276.43	-0.00665543	-4.14636E-5
3276.5	-0.00560583	-4.11188E-5
3276.58	-7.74391E-4	-4.07709E-5
3276.65	0.0016529	-4.04196E-5
3276.73	0	-4.0065E-5
3276.8	-0.00170235	-3.9707E-5
3276.88	-0.00138032	-3.93455E-5
3276.95	3.29002E-4	-3.89806E-5
3277.03	0.00236607	-3.86122E-5
3277.1	0.00140665	-3.82403E-5
3277.18	-0.00470303	-3.78647E-5
3277.25	-0.00627742	-3.74855E-5
3277.33	4.64591E-4	-3.71027E-5
3277.4	0.00608383	-3.67161E-5
3277.48	0.00828482	-3.63257E-5
3277.55	0.00755095	-3.59315E-5
3277.63	0.00484658	-3.55335E-5
3277.7	0.0030313	-3.51315E-5
3277.78	0.0015092	-3.47256E-5
3277.85	0.00228759	-3.43157E-5
3277.93	0.00602466	-3.39017E-5
3278	0.0041081	-3.34835E-5
3278.08	-3.48248E-4	-3.30613E-5
3278.15	-0.00193999	-3.26348E-5
3278.23	0	-3.2204E-5
3278.3	0.00548953	-3.17689E-5
3278.38	0.00941992	-3.13294E-5
3278.45	0.00776358	-3.08855E-5
3278.53	0.00140754	-3.04371E-5
3278.6	-0.00104693	-2.99842E-5
3278.68	0.00113776	-2.95266E-5
3278.75	0.00398896	-2.90644E-5
3278.83	0.00669159	-2.85974E-5
3278.9	0.00828519	-2.81257E-5
3278.98	0.00727999	-2.76491E-5
3279.05	0.00168113	-2.71676E-5
3279.13	-0.0025427	-2.66811E-5
3279.2	0.00148919	-2.61896E-5
3279.28	0.00403444	-2.56929E-5
3279.35	0.00304642	-2.51911E-5
3279.43	0.00837872	-2.46841E-5
3279.5	0.0110326	-2.41717E-5
3279.58	0.00244249	-2.3654E-5
3279.65	-0.00774372	-2.31308E-5
3279.73	-0.00990241	-2.2602E-5
3279.8	-0.00590106	-2.20677E-5
3279.88	-9.63421E-5	-2.15277E-5
3279.95	0.0053437	-2.09819E-5
3280.03	0.00645567	-2.04303E-5
3280.1	0.00487872	-1.98728E-5
3280.18	0.00151571	-1.93094E-5
3280.25	-0.00123511	-1.87398E-5
3280.33	0.00251752	-1.81641E-5
3280.4	0.00473912	-1.75822E-5
3280.48	0.0027894	-1.69939E-5
3280.55	0.00310758	-1.63993E-5
3280.63	0.00273164	-1.57981E-5
3280.7	-0.00154277	-1.51904E-5
3280.78	-0.00563899	-1.45759E-5
3280.85	-0.00521553	-1.39548E-5
3280.93	0	-1.33267E-5
3281	0.0064605	-1.26917E-5
3281.08	0.00497213	-1.20497E-5
3281.15	-0.00354219	-1.14005E-5
3281.23	-0.00565765	-1.0744E-5
3281.3	-4.13579E-4	-1.00802E-5
3281.38	0.0026439	-9.4089E-6
3281.45	0.00285944	-8.73006E-6
3281.53	0.00147763	-8.04355E-6
3281.6	-0.00174489	-7.34925E-6
3281.68	-0.00194809	-6.64706E-6
3281.75	9.11025E-5	-5.93687E-6
3281.83	6.89741E-4	-5.21855E-6
3281.9	0.00360825	-4.492E-6
3281.98	0.00738107	-3.75709E-6
3282.05	0.00232008	-3.0137E-6
3282.13	-0.00458285	-2.26171E-6
3282.2	-0.00125407	-1.50099E-6
3282.28	0.00621506	-7.31421E-7
3282.35	0.00883715	4.71337E-8
3282.43	0.00454958	8.34805E-7
3282.5	2.5655E-6	1.63173E-6
3282.58	-0.0033554	2.43803E-6
3282.65	-0.00937911	3.25387E-6
3282.73	-0.0132941	4.07937E-6
3282.8	-0.0101044	4.91469E-6
3282.88	-0.00264746	5.75996E-6
3282.95	0.00189715	6.61534E-6
3283.03	-7.29649E-5	7.48099E-6
3283.1	-0.00424695	8.35704E-6
3283.18	-0.00214784	9.24368E-6
3283.25	0.00269037	1.0141E-5
3283.33	0.0058925	1.10493E-5
3283.4	0.00724778	1.19686E-5
3283.48	0.0052998	1.28992E-5
3283.55	0.00494194	1.38412E-5
3283.63	0.00476691	1.47947E-5
3283.7	0.00357733	1.576E-5
3283.78	0.00417645	1.67373E-5
3283.85	0.00349398	1.77266E-5
3283.93	1.43157E-4	1.87283E-5
3284	-0.00184368	1.97425E-5
3284.08	-5.15567E-4	2.07694E-5
3284.15	5.13433E-4	2.18093E-5
3284.23	-0.00309626	2.28622E-5
3284.3	-0.00733523	2.39284E-5
3284.38	-0.00732201	2.50082E-5
3284.45	-0.00546621	2.61018E-5
3284.53	-0.00331254	2.72092E-5
3284.6	-0.00405601	2.83309E-5
3284.68	-0.00511592	2.9467E-5
3284.75	0	3.06178E-5
3284.83	0.0031236	3.17834E-5
3284.9	0.002571	3.29642E-5
3284.98	0.00650766	3.41603E-5
3285.05	0.00730566	3.53721E-5
3285.13	2.54702E-4	3.65998E-5
3285.2	-0.00303233	3.78436E-5
3285.28	-5.52222E-4	3.91038E-5
3285.35	-0.00268602	4.03807E-5
3285.43	-0.00491463	4.16745E-5
3285.5	-0.00305518	4.29857E-5
3285.58	-0.00315251	4.43143E-5
3285.65	-8.8239E-4	4.56608E-5
3285.73	0.00491582	4.70253E-5
3285.8	0.00796517	4.84084E-5
3285.88	0.00742709	4.98101E-5
3285.95	0.006518	5.1231E-5
3286.03	0.00549393	5.26712E-5
3286.1	0.00341857	5.41311E-5
3286.18	0.00272704	5.56111E-5
3286.25	0.00445378	5.71115E-5
3286.33	0.00322875	5.86327E-5
3286.4	-0.00204314	6.01749E-5
3286.48	-0.00522805	6.17387E-5
3286.55	-0.004405	6.33243E-5
3286.63	-0.0012205	6.49322E-5
3286.7	-0.00108013	6.65626E-5
3286.78	-7.86078E-4	6.82162E-5
3286.85	0	6.98931E-5
3286.93	-0.00217305	7.15939E-5
3287	-0.00148878	7.3319E-5
3287.08	-0.00214361	7.50688E-5
3287.15	-0.00399526	7.68438E-5
3287.23	7.95946E-4	7.86443E-5
3287.3	0.00969831	8.0471E-5
3287.38	0.0150335	8.23242E-5
3287.45	0.01634	8.42044E-5
3287.53	0.015627	8.61121E-5
3287.6	0.00878068	8.80478E-5
3287.68	-6.95498E-5	9.00121E-5
3287.75	-0.00108545	9.20055E-5
3287.83	0.0019586	9.40284E-5
3287.9	-1.72314E-4	9.60815E-5
3287.98	-0.00467226	9.81654E-5
3288.05	-0.00388582	1.0028E-4
3288.13	0.00285223	1.02427E-4
3288.2	0.00828567	1.04607E-4
3288.28	0.00332743	1.06819E-4
3288.35	-0.00406294	1.09066E-4
3288.43	-9.45215E-4	1.11346E-4
3288.5	0.00481135	1.13662E-4
3288.58	0.00386558	1.16013E-4
3288.65	0.00129046	1.18401E-4
3288.73	0.00280078	1.20826E-4
3288.8	0.0023476	1.23288E-4
3288.88	0	1.25789E-4
3288.95	0.00313095	1.2833E-4
3289.03	0.0058631	1.3091E-4
3289.1	0.0068585	1.33532E-4
3289.18	0.0100717	1.36194E-4
3289.25	0.00996777	1.389E-4
3289.33	0.00545842	1.41649E-4
3289.4	9.87129E-4	1.44441E-4
3289.48	-0.00512808	1.47279E-4
3289.55	-0.00852386	1.50163E-4
3289.63	-0.0056345	1.53094E-4
3289.7	-0.0041104	1.56073E-4
3289.78	-0.00349302	1.591E-4
3289.85	-3.69333E-4	1.62178E-4
3289.93	0.0011011	1.65306E-4
3290	7.18511E-4	1.68486E-4
3290.08	9.49346E-4	1.71719E-4
3290.15	-0.00265365	1.75006E-4
3290.23	-0.005316	1.78348E-4
3290.3	-0.00311195	1.81747E-4
3290.38	-7.53213E-4	1.85203E-4
3290.45	0.0046613	1.88718E-4
3290.53	0.00640623	1.92293E-4
3290.6	0.00234752	1.95929E-4
3290.68	0.00283435	1.99628E-4
3290.75	0.00720457	2.0339E-4
3290.83	0.00875139	2.07218E-4
3290.9	0.00746545	2.11113E-4
3290.98	0.00688071	2.15075E-4
3291.05	0.00191137	2.19107E-4
3291.13	-0.00609198	2.23211E-4
3291.2	-0.00469242	2.27387E-4
3291.28	0	2.31637E-4
3291.35	-0.00178206	2.35963E-4
3291.43	0.00130548	2.40367E-4
3291.5	0.00560667	2.4485E-4
3291.58	-9.20834E-5	2.49414E-4
3291.65	-0.00225221	2.54061E-4
3291.73	0.0020333	2.58793E-4
3291.8	0.00674113	2.63611E-4
3291.88	0.0122845	2.68519E-4
3291.95	0.0114144	2.73516E-4
3292.03	0.00545351	2.78607E-4
3292.1	6.20395E-4	2.83793E-4
3292.18	-0.00135852	2.89075E-4
3292.25	-0.00403509	2.94457E-4
3292.33	-0.00838811	2.99941E-4
3292.4	-0.0066486	3.05528E-4
3292.48	-0.00168362	3.11222E-4
3292.55	0	3.17026E-4
3292.63	0.00288068	3.2294E-4
3292.7	0.00782417	3.28969E-4
3292.78	0.00605015	3.35115E-4
3292.85	-2.47902E-4	3.4138E-4
3292.93	-0.00359611	3.47769E-4
3293	-0.00233474	3.54282E-4
3293.08	-0.00149366	3.60925E-4
3293.15	-0.00188597	3.67699E-4
3293.23	0.00279243	3.74608E-4
3293.3	0.00490031	3.81656E-4
3293.38	-4.93229E-5	3.88845E-4
3293.45	-0.00432107	3.96179E-4
3293.53	-0.00252322	4.03663E-4
3293.6	0.00210901	4.11298E-4
3293.68	0.00532267	4.19091E-4
3293.75	0.00674703	4.27043E-4
3293.83	0.00429556	4.35161E-4
3293.9	-3.22381E-4	4.43446E-4
3293.98	-0.00273312	4.51905E-4
3294.05	-0.0013211	4.60541E-4
3294.13	6.50879E-4	4.69359E-4
3294.2	0.00166681	4.78364E-4
3294.28	0.00249925	4.8756E-4
3294.35	-1.72657E-4	4.96953E-4
3294.43	-0.00461061	5.06547E-4
3294.5	-0.00431799	5.16348E-4
3294.58	-0.00276557	5.26362E-4
3294.65	-0.00231591	5.36594E-4
3294.73	-5.11212E-4	5.47049E-4
3294.8	-2.90908E-4	5.57735E-4
3294.88	1.79788E-4	5.68657E-4
3294.95	4.43028E-4	5.79821E-4
3295.03	-0.00156949	5.91235E-4
3295.1	-2.05771E-4	6.02904E-4
3295.18	0.0069193	6.14836E-4
3295.25	0.0118087	6.27038E-4
3295.33	0.00825475	6.39518E-4
3295.4	0	6.52284E-4
3295.48	-0.00527195	6.65342E-4
3295.55	-0.006163	6.78702E-4
3295.63	-0.00456291	6.92373E-4
3295.7	8.09172E-4	7.06362E-4
3295.78	0.00163693	7.20678E-4
3295.85	2.84958E-4	7.35333E-4
3295.93	0.00414642	7.50334E-4
3296	0.00572231	7.65692E-4
3296.08	0.00665678	7.81417E-4
3296.15	0.00780749	7.97521E-4
3296.23	0.00565865	8.14013E-4
3296.3	0.00274045	8.30906E-4
3296.38	0.00391542	8.48212E-4
3296.45	0.00718093	8.65943E-4
3296.53	0.00357838	8.84111E-4
3296.6	-0.00271537	9.0273E-4
3296.68	-0.00386041	9.21814E-4
3296.75	-0.00163795	9.41376E-4
3296.83	-0.00165615	9.61433E-4
3296.9	-0.00279829	9.81998E-4
3296.98	-0.00189628	0.00100309
3297.05	-0.00169885	0.00102472
3297.13	-0.0034894	0.00104691
3297.2	-0.00401677	0.00106968
3297.28	-0.00142057	0.00109305
3297.35	4.38265E-4	0.00111703
3297.43	-7.60746E-4	0.00114165
3297.5	-0.00265418	0.00116692
3297.58	0	0.00119288
3297.65	0.00372339	0.00121955
3297.73	0.00263467	0.00124694
3297.8	-5.50605E-4	0.0012751
3297.88	-0.00399648	0.00130404
3297.95	-0.00718481	0.0013338
3298.03	-0.00460245	0.0013644
3298.1	0.00333617	0.00139589
3298.18	0.00589272	0.0014283
3298.25	0.00430646	0.00146167
3298.33	0.00133541	0.00149604
3298.4	-0.0031634	0.00153146
3298.48	-0.0047013	0.00156797
3298.55	-0.00215262	0.00160562
3298.63	0.00383273	0.00164448
3298.7	0.00278091	0.0016846
3298.78	-0.00734004	0.00172605
3298.85	-0.0133083	0.00176891
3298.93	-0.0107854	0.00181324
3299	-0.00500639	0.00185914
3299.08	-0.00473228	0.00190669
3299.15	-0.00764864	0.00195601
3299.23	-0.00441751	0.00200719
3299.3	0	0.00206037
3299.38	-0.00273635	0.00211566
3299.45	-0.00786118	0.00217322
3299.53	-0.00725386	0.00223319
3299.6	-0.00283668	0.00229576
3299.68	-5.35178E-4	0.0023611
3299.75	-1.61725E-4	0.00242942
3299.83	0	0.00250094
3299.9	-0.00181151	0.0025759
3299.98	-0.00266772	0.00265456
3300.05	-0.00210811	0.00273719
3300.13	-0.00458838	0.00282411
3300.2	-0.00472321	0.00291564
3300.28	-0.00217338	0.00301214
3300.35	-0.00163883	0.003114
3300.43	0.00225671	0.00322161
3300.5	0.00454809	0.00333543
3300.58	0.00185975	0.00345593
3300.65	0.0042653	0.0035836
3300.73	0.00578185	0.00371899
3300.8	0.00296053	0.00386265
3300.88	0.00418808	0.0040152
3300.95	0.00256389	0.00417725
3301.03	-0.0018931	0.00434948
3301.1	-0.00234072	0.00453259
3301.18	-0.00138909	0.00472729
3301.25	0.00447392	0.00493434
3301.33	0.00800504	0.00515452
3301.4	0.00209552	0.00538863
3301.48	0	0.00563748
3301.55	0.00559645	0.00590193
3301.63	0.00719876	0.0061828
3301.7	3.41604E-4	0.00648096
3301.78	-0.0061036	0.00679724
3301.85	-0.00403786	0.00713249
3301.93	0.00260065	0.00748753
3302	0.00379628	0.00786315
3302.08	0	0.00826011
3302.15	-0.00180351	0.00867913
3302.23	0.00187731	0.00912086
3302.3	0.00746045	0.0095859
3302.38	0.0107832	0.0100747
3302.45	0.0170463	0.0105878
3302.53	0.0197811	0.0111254
3302.6	0.0122888	0.0116877
3302.68	0.00900142	0.0122747
3302.75	0.0142513	0.0128864
3302.83	0.0173988	0.0135225
3302.9	0.0140986	0.0141825
3302.98	0.0131435	0.0148657
3303.05	0.0194264	0.0155714
3303.13	0.0221095	0.0162983
3303.2	0.019428	0.0170453
3303.28	0.0216829	0.0178107
3303.35	0.0274559	0.0185927
3303.43	0.0294647	0.0193893
3303.5	0.0309597	0.0201979
3303.58	0.0272301	0.0210161
3303.65	0.0183214	0.0218407
3303.73	0.0186614	0.0226687
3303.8	0.0261238	0.0234964
3303.88	0.0323943	0.0243201
3303.95	0.0379723	0.0251357
3304.03	0.0402213	0.0259387
3304.1	0.0364795	0.0267246
3304.18	0.0326239	0.0274885
3304.25	0.0327634	0.0282252
3304.33	0.0360793	0.0289295
3304.4	0.0388685	0.0295958
3304.48	0.0373703	0.0302184
3304.55	0.036382	0.0307915
3304.63	0.0410619	0.0313092
3304.7	0.0465823	0.0317656
3304.78	0.0470566	0.0321547
3304.85	0.0448457	0.0324706
3304.93	0.0439921	0.0327073
3305	0.044073	0.0328592
3305.08	0.044542	0.0329206
3305.15	0.0438917	0.0328864
3305.23	0.041329	0.0327515
3305.3	0.0386498	0.0325113
3305.38	0.0387248	0.0321616
3305.45	0.0434683	0.0316989
3305.53	0.0471851	0.0311199
3305.6	0.0436563	0.0304224
3305.68	0.0376557	0.0296045
3305.75	0.0356096	0.0286654
3305.83	0.0344313	0.0276049
3305.9	0.0325132	0.0264239
3305.98	0.0324124	0.025124
3306.05	0.0317332	0.0237081
3306.13	0.0298308	0.0221798
3306.2	0.0301959	0.0205438
3306.28	0.0303356	0.0188059
3306.35	0.0261552	0.0169729
3306.43	0.0222576	0.0150524
3306.5	0.0208364	0.0130532
3306.58	0.01427	0.0109846
3306.65	0.00691623	0.00885705
3306.73	0.00814826	0.00668135
3306.8	0.00960025	0.004469
3306.88	0.00742311	0.00223192
3306.95	0.00719824	-1.77118E-5
3307.03	0.00685758	-0.00226754
3307.1	0.00659669	-0.00450523
3307.18	0.00471514	-0.00671857
3307.25	-0.00646114	-0.00889566
3307.33	-0.0155955	-0.011025
3307.4	-0.0168459	-0.0130956
3307.48	-0.0187896	-0.0150973
3307.55	-0.0185956	-0.0170204
3307.63	-0.0164495	-0.0188564
3307.7	-0.0161087	-0.0205975
3307.78	-0.0186563	-0.0222369
3307.85	-0.0189005	-0.0237688
3307.93	-0.0153708	-0.0251885
3308	-0.0160902	-0.0264921
3308.08	-0.0171182	-0.0276771
3308.15	-0.0131792	-0.0287414
3308.23	-0.0112387	-0.0296845
3308.3	-0.0162261	-0.0305063
3308.38	-0.0232187	-0.0312076
3308.45	-0.024464	-0.0317904
3308.53	-0.0214619	-0.0322568
3308.6	-0.0200999	-0.03261
3308.68	-0.0233743	-0.0328536
3308.75	-0.0240535	-0.0329918
3308.83	-0.0206862	-0.0330291
3308.9	-0.0227957	-0.0329706
3308.98	-0.0244663	-0.0328214
3309.05	-0.024456	-0.0325873
3309.13	-0.0263145	-0.0322738
3309.2	-0.0240978	-0.0318868
3309.28	-0.0210356	-0.0314323
3309.35	-0.0194605	-0.0309163
3309.43	-0.0167833	-0.0303447
3309.5	-0.0138448	-0.0297234
3309.58	-0.0110886	-0.0290583
3309.65	-0.0122434	-0.0283549
3309.73	-0.0154318	-0.0276189
3309.8	-0.0139646	-0.0268556
3309.88	-0.0102925	-0.0260701
3309.95	-0.00885907	-0.0252673
3310.03	-0.00961376	-0.0244518
3310.1	-0.0102882	-0.023628
3310.18	-0.0107206	-0.0228
3310.25	-0.0125311	-0.0219717
3310.33	-0.0107326	-0.0211465
3310.4	-0.00314681	-0.0203278
3310.48	8.24181E-4	-0.0195185
3310.55	-8.57459E-4	-0.0187212
3310.63	-0.0031025	-0.0179383
3310.7	-0.00480362	-0.0171719
3310.78	-0.00430651	-0.0164239
3310.85	-0.003677	-0.0156959
3310.93	-0.00636526	-0.0149891
3311	-0.00884843	-0.0143047
3311.08	-0.00848366	-0.0136435
3311.15	-0.00779669	-0.0130063
3311.23	-0.00398013	-0.0123933
3311.3	0.00202607	-0.011805
3311.38	0.00147705	-0.0112415
3311.45	-9.819E-4	-0.0107026
3311.53	-6.36857E-4	-0.0101883
3311.6	-0.00289367	-0.00969813
3311.68	-0.00243088	-0.00923182
3311.75	-0.00314213	-0.00878882
3311.83	-0.00690727	-0.00836855
3311.9	-0.00218882	-0.00797034
3311.98	7.6663E-4	-0.00759349
3312.05	-0.00134285	-0.00723723
3312.13	-0.00263939	-0.00690078
3312.2	-0.00513505	-0.00658331
3312.28	-0.007872	-0.00628398
3312.35	-0.00606329	-0.00600195
3312.43	5.09069E-4	-0.00573637
3312.5	-0.00314486	-0.00548639
3312.58	-0.0104028	-0.00525117
3312.65	-0.00927564	-0.00502989
3312.73	-0.00990954	-0.00482176
3312.8	-0.0103179	-0.00462598
3312.88	-0.00332771	-0.00444181
3312.95	0.00300905	-0.00426853
3313.03	0	-0.00410543
3313.1	-0.00680861	-0.00395184
3313.18	-0.00974394	-0.00380714
3313.25	-0.00620926	-0.00367073
3313.33	-2.17933E-4	-0.00354203
3313.4	0.00392785	-0.00342051
3313.48	0.00852294	-0.00330566
3313.55	0.00839882	-0.00319702
3313.63	-8.78707E-4	-0.00309413
3313.7	-0.00541795	-0.00299659
3313.78	1.43502E-4	-0.00290402
3313.85	0.00291135	-0.00281606
3313.93	0	-0.00273237
3314	-0.0046259	-0.00265265
3314.08	-0.00605848	-0.00257661
3314.15	3.23478E-4	-0.00250401
3314.23	0.00692348	-0.00243459
3314.3	0.00149421	-0.00236813
3314.38	-0.00814162	-0.00230444
3314.45	-0.0061627	-0.00224332
3314.53	4.64573E-4	-0.0021846
3314.6	-6.43559E-4	-0.00212813
3314.68	-0.00210572	-0.00207376
3314.75	0	-0.00202136
3314.83	-0.00216552	-0.00197081
3314.9	-0.00421298	-0.001922
3314.98	-0.00608222	-0.00187483
3315.05	-0.00665371	-0.00182919
3315.13	-6.9526E-4	-0.00178502
3315.2	0.00305312	-0.00174222
3315.28	0.00404757	-0.00170072
3315.35	0.00416556	-0.00166046
3315.43	0.00441189	-0.00162138
3315.5	0.00397401	-0.00158342
3315.58	0	-0.00154652
3315.65	-0.00268047	-0.00151064
3315.73	-0.00429855	-0.00147573
3315.8	-0.00262894	-0.00144174
3315.88	0.00132788	-0.00140865
3315.95	5.72659E-4	-0.0013764
3316.03	0.0010605	-0.00134497
3316.1	0.00419481	-0.00131432
3316.18	0.00304511	-0.00128442
3316.25	5.18416E-4	-0.00125524
3316.33	-0.00228962	-0.00122676
3316.4	-0.00346487	-0.00119894
3316.48	-2.82507E-4	-0.00117177
3316.55	5.97776E-4	-0.00114521
3316.63	-0.00167389	-0.00111925
3316.7	-0.00409691	-0.00109385
3316.78	-0.00577947	-0.00106901
3316.85	-0.00271788	-0.00104471
3316.93	0.00154857	-0.00102091
3317	3.51108E-4	-9.97606E-4
3317.08	-0.00230122	-9.74777E-4
3317.15	-0.00305407	-9.52405E-4
3317.23	-0.00319672	-9.30474E-4
3317.3	-0.00208907	-9.08967E-4
3317.38	-0.00182829	-8.87868E-4
3317.45	-0.00373379	-8.67162E-4
3317.53	-0.00130987	-8.46834E-4
3317.6	0.0027104	-8.26869E-4
3317.68	0.00154078	-8.07253E-4
3317.75	-2.46393E-4	-7.87973E-4
3317.83	0	-7.69014E-4
3317.9	0.00257998	-7.50364E-4
3317.98	0.00298996	-7.3201E-4
3318.05	0.00302076	-7.1394E-4
3318.13	0.00478312	-6.9614E-4
3318.2	0.00351854	-6.786E-4
3318.28	3.17204E-4	-6.61306E-4
3318.35	-0.00324466	-6.44248E-4
3318.43	-0.0037751	-6.27414E-4
3318.5	-0.00226957	-6.10793E-4
3318.58	-0.00245118	-5.94373E-4
3318.65	-0.0022061	-5.78144E-4
3318.73	0	-5.62096E-4
3318.8	-0.00250243	-5.46216E-4
3318.88	-0.00436412	-5.30495E-4
3318.95	0.00298349	-5.14922E-4
3319.03	0.00738905	-4.99487E-4
3319.1	8.79105E-4	-4.8418E-4
3319.18	-0.00636641	-4.68989E-4
3319.25	-0.00608934	-4.53905E-4
3319.33	-0.00432698	-4.38918E-4
3319.4	-0.00542328	-4.24017E-4
3319.48	-0.00412212	-4.09192E-4
3319.55	-0.00107091	-3.94432E-4
3319.63	-0.00424784	-3.79728E-4
3319.7	-0.00684929	-3.65069E-4
3319.78	-0.00362239	-3.50445E-4
3319.85	0	-3.35844E-4
3319.93	0.00548367	-3.21256E-4
3320	0.00756717	-3.06671E-4
3320.08	0.00350172	-2.92077E-4
3320.15	0.00411504	-2.77463E-4
3320.23	0.0103829	-2.62819E-4
3320.3	0.0107365	-2.48132E-4
3320.38	0.00511466	-2.3339E-4
3320.45	0.00295953	-2.18582E-4
3320.53	0.00227682	-2.03696E-4
3320.6	-0.00317712	-1.88719E-4
3320.68	-0.00671552	-1.73637E-4
3320.75	-0.00400864	-1.58439E-4
3320.83	-0.0015013	-1.43109E-4
3320.9	-5.33122E-4	-1.27635E-4
3320.98	-0.00161646	-1.12001E-4
3321.05	-0.0023456	-9.61928E-5
3321.13	-9.76097E-4	-8.01948E-5
3321.2	-0.00266159	-6.3991E-5
3321.28	-0.00402665	-4.75647E-5
3321.35	-0.00229647	-3.08988E-5
3321.43	0	-1.39754E-5
3321.5	0.00232692	3.22427E-6
3321.58	0.00201799	2.07195E-5
3321.65	-8.30825E-4	3.85306E-5
3321.73	-0.00680825	5.66787E-5
3321.8	-0.0107228	7.51858E-5
3321.88	-0.00891601	9.4075E-5
3321.95	-0.00835961	1.13371E-4
3322.03	-0.00857155	1.33098E-4
3322.1	-0.00601451	1.53283E-4
3322.18	-0.00185984	1.73954E-4
3322.25	-0.0018552	1.95141E-4
3322.33	-0.00795194	2.16874E-4
3322.4	-0.0119079	2.39185E-4
3322.48	-0.00661046	2.6211E-4
3322.55	0	2.85683E-4
3322.63	5.06407E-4	3.09943E-4
3322.7	-0.00286301	3.3493E-4
3322.78	-0.00634893	3.60687E-4
3322.85	-0.00908303	3.87258E-4
3322.93	-0.0130445	4.14692E-4
3323	-0.0115664	4.43038E-4
3323.08	-0.00318062	4.72349E-4
3323.15	0.00181107	5.02684E-4
3323.23	-0.00294079	5.34101E-4
3323.3	-0.00573925	5.66665E-4
3323.38	1.68115E-4	6.00443E-4
3323.45	0.00354105	6.35509E-4
3323.53	0.00336543	6.7194E-4
3323.6	0.00172495	7.09817E-4
3323.68	-6.30688E-4	7.49229E-4
3323.75	-0.00211185	7.90269E-4
3323.83	-5.61074E-4	8.33037E-4
3323.9	0.00441482	8.7764E-4
3323.98	0.00610069	9.24193E-4
3324.05	0.00546556	9.72818E-4
3324.13	0.0073198	0.00102365
3324.2	0.00862167	0.00107682
3324.28	0.00396237	0.00113249
3324.35	-9.94575E-4	0.00119082
3324.43	0.00444674	0.00125198
3324.5	0.00871871	0.00131616
3324.58	0.00614347	0.00138357
3324.65	0.00575926	0.00145442
3324.73	0.00239004	0.00152894
3324.8	-0.00188863	0.0016074
3324.88	-5.52212E-4	0.00169006
3324.95	0.00481005	0.00177722
3325.03	0.00479107	0.00186921
3325.1	0	0.00196637
3325.18	-0.00134021	0.00206908
3325.25	-0.00388301	0.00217774
3325.33	-0.00405427	0.0022928
3325.4	-9.49866E-4	0.00241475
3325.48	-0.00212111	0.00254412
3325.55	-0.00602487	0.00268146
3325.63	-0.00872955	0.00282741
3325.7	-0.00664368	0.00298264
3325.78	-0.00295227	0.00314791
3325.85	0	0.00332402
3325.93	0.00363941	0.00351188
3326	0.00440212	0.00371245
3326.08	0.00751211	0.00392683
3326.15	0.0100223	0.0041562
3326.23	0.00424484	0.00440191
3326.3	-0.00189411	0.00466544
3326.38	-0.00236596	0.00494847
3326.45	0.00282994	0.00525289
3326.53	0.007106	0.00558092
3326.6	0.00729285	0.00593507
3326.68	0.00447133	0.00631836
3326.75	0.00330617	0.00673434
3326.83	0.0102447	0.00718729
3326.9	0.0157086	0.00768244
3326.98	0.0119327	0.00822615
3327.05	0.00631687	0.00882628
3327.13	0.00696521	0.00949249
3327.2	0.00944338	0.0102366
3327.28	0.00827187	0.0110732
3327.35	0.00384048	0.0120198
3327.43	1.78093E-4	0.0130973
3327.5	0.00381347	0.0143306
3327.58	0.0104513	0.0157482
3327.65	0.0129784	0.0173827
3327.73	0.0117481	0.0192698
3327.8	0.0121257	0.0214478
3327.88	0.0162142	0.0239558
3327.95	0.0211475	0.0268318
3328.03	0.0255978	0.0301099
3328.1	0.0281076	0.0338165
3328.18	0.0287601	0.0379662
3328.25	0.0318896	0.0425573
3328.33	0.0398169	0.0475661
3328.4	0.0488656	0.0529422
3328.48	0.0537621	0.0586037
3328.55	0.0575986	0.0644327
3328.63	0.06459	0.0702725
3328.7	0.0736222	0.0759264
3328.78	0.0841895	0.0811589
3328.85	0.0917167	0.0856988
3328.93	0.0959071	0.0892465
3329	0.0968124	0.091485
3329.08	0.0953778	0.0920944
3329.15	0.0952176	0.0907726
3329.23	0.09088	0.0872599
3329.3	0.0843896	0.0813676
3329.38	0.0805156	0.0730092
3329.45	0.0697308	0.062229
3329.53	0.0564037	0.0492235
3329.6	0.045638	0.0343496
3329.68	0.0295225	0.0181138
3329.75	0.0126202	0.00113979
3329.83	-0.00723632	-0.0158818
3329.9	-0.0270861	-0.0322563
3329.98	-0.0431413	-0.0473473
3330.05	-0.0616888	-0.0606303
3330.13	-0.0731148	-0.0717269
3330.2	-0.0746082	-0.080419
3330.28	-0.0743785	-0.0866427
3330.35	-0.0768526	-0.0904683
3330.43	-0.0803105	-0.0920726
3330.5	-0.0801774	-0.0917072
3330.58	-0.0789708	-0.0896703
3330.65	-0.0763142	-0.0862804
3330.73	-0.0687066	-0.0818561
3330.8	-0.0594859	-0.0767
3330.88	-0.0540131	-0.0710875
3330.95	-0.0526736	-0.0652594
3331.03	-0.0519467	-0.0594178
3331.1	-0.046083	-0.0537246
3331.18	-0.0382303	-0.0483029
3331.25	-0.0295632	-0.0432393
3331.33	-0.0225351	-0.0385882
3331.4	-0.0255324	-0.0343765
3331.48	-0.0260097	-0.0306088
3331.55	-0.0188914	-0.0272722
3331.63	-0.0136885	-0.0243418
3331.7	-0.0127389	-0.0217841
3331.78	-0.0158146	-0.0195618
3331.85	-0.0179621	-0.0176354
3331.93	-0.0157179	-0.0159667
3332	-0.0139278	-0.0145193
3332.08	-0.0156608	-0.0132605
3332.15	-0.0132074	-0.0121609
3332.23	-0.00594566	-0.0111953
3332.3	-0.00428776	-0.0103422
3332.38	-0.00588606	-0.00958367
3332.45	-0.00464994	-0.00890472
3332.53	-0.00473588	-0.00829319
3332.6	-0.00640768	-0.00773914
3332.68	-0.00462203	-0.00723449
3332.75	-4.57846E-4	-0.00677265
3332.83	-0.00336544	-0.00634825
3332.9	-0.0097482	-0.00595686
3332.98	-0.0090071	-0.00559479
3333.05	-0.00813922	-0.00525894
3333.13	-0.00857994	-0.00494661
3333.2	-0.00654891	-0.0046555
3333.28	-0.00293384	-0.00438353
3333.35	5.65229E-4	-0.00412882
3333.43	6.84479E-5	-0.00388964
3333.5	-0.00150701	-0.00366434
3333.58	-0.00340149	-0.00345132
3333.65	-0.00781538	-0.003249
3333.73	-0.0107389	-0.00305576
3333.8	-0.0118502	-0.00286989
3333.88	-0.0101547	-0.00268957
3333.95	-0.00464493	-0.00251283
3334.03	-0.0017036	-0.00233746
3334.1	-0.00156507	-0.00216099
3334.18	-0.00188539	-0.00198066
3334.25	0	-0.00179331
3334.33	0.00567297	-0.0015954
3334.4	0.00898465	-0.00138294
3334.48	0.00451779	-0.0011515
3334.55	-0.00172738	-8.96173E-4
3334.63	-0.00258291	-6.11602E-4
3334.7	-0.00184655	-2.92045E-4
3334.78	-9.41727E-6	6.85603E-5
3334.85	0.00218938	4.76466E-4
3334.93	0.00288784	9.37956E-4
3335	0.00480195	0.00145913
3335.08	0.00760854	0.00204564
3335.15	0.00978616	0.00270241
3335.23	0.0087324	0.00343324
3335.3	0.0046182	0.00424048
3335.38	-2.73329E-4	0.00512462
3335.45	0.00160488	0.00608385
3335.53	0.00780188	0.00711371
3335.6	0.00653842	0.00820673
3335.68	0.00656876	0.00935214
3335.75	0.009672	0.0105357
3335.83	0.00613878	0.0117396
3335.9	0.00681701	0.0129425
3335.98	0.0121435	0.0141198
3336.05	0.0102297	0.0152441
3336.13	0.00657014	0.0162855
3336.2	0.00943905	0.0172129
3336.28	0.019362	0.0179942
3336.35	0.0234343	0.018598
3336.43	0.0177799	0.0189945
3336.5	0.0164719	0.0191567
3336.58	0.0207427	0.0190614
3336.65	0.0254123	0.0186909
3336.73	0.0255136	0.0180337
3336.8	0.0166165	0.0170854
3336.88	0.0075301	0.0158492
3336.95	0.00818614	0.0143365
3337.03	0.0145575	0.012567
3337.1	0.0152702	0.0105679
3337.18	0.0102701	0.00837391
3337.25	0.00541157	0.00602589
3337.33	-1.04418E-4	0.00356978
3337.4	-0.003625	0.0010551
3337.48	-9.05308E-4	-0.00146663
3337.55	0.00343152	-0.00394363
3337.63	8.66215E-4	-0.00632555
3337.7	-0.0047619	-0.00856519
3337.78	-0.00267118	-0.0106199
3337.85	-0.00378327	-0.0124531
3337.93	-0.0125183	-0.014035
3338	-0.0179036	-0.0153435
3338.08	-0.0198943	-0.0163646
3338.15	-0.0214273	-0.0170926
3338.23	-0.0214771	-0.0175295
3338.3	-0.0141126	-0.0176845
3338.38	-0.01043	-0.0175737
3338.45	-0.0167893	-0.0172185
3338.53	-0.0189535	-0.0166446
3338.6	-0.0170101	-0.0158812
3338.68	-0.0158586	-0.0149591
3338.75	-0.0133372	-0.0139101
3338.83	-0.0126346	-0.0127658
3338.9	-0.010999	-0.0115563
3338.98	-0.00783767	-0.0103096
3339.05	-0.0101983	-0.00905119
3339.13	-0.0115716	-0.00780314
3339.2	-0.00764926	-0.0065842
3339.28	-0.00411624	-0.00540947
3339.35	-1.59499E-4	-0.00429055
3339.43	0.00175056	-0.00323563
3339.5	-0.00103359	-0.00224978
3339.58	-3.40334E-4	-0.00133525
3339.65	0.0022956	-4.91894E-4
3339.73	0.00268262	2.82477E-4
3339.8	0.00512003	9.91671E-4
3339.88	0.00616077	0.00164074
3339.95	0.00375017	0.00223563
3340.03	0	0.00278285
3340.1	-0.00350917	0.00328923
3340.18	-0.00359064	0.00376167
3340.25	-0.00195302	0.00420698
3340.33	-0.00198802	0.00463177
3340.4	-0.00238825	0.00504231
3340.48	0.00122362	0.00544456
3340.55	0.00634094	0.00584406
3340.63	0.00861272	0.00624602
3340.7	0.00963884	0.00665529
3340.78	0.00589003	0.00707643
3340.85	-0.00221017	0.00751376
3340.93	-0.00886657	0.00797143
3341	-0.0102353	0.00845352
3341.08	-0.00583657	0.00896408
3341.15	-7.21681E-4	0.00950726
3341.23	0.00505224	0.0100874
3341.3	0.00852805	0.0107092
3341.38	0.00873177	0.0113777
3341.45	0.00803198	0.0120989
3341.53	0.00798542	0.0128794
3341.6	0.00858367	0.0137272
3341.68	0.00959333	0.0146517
3341.75	0.0149753	0.0156642
3341.83	0.0178998	0.0167788
3341.9	0.0194463	0.0180124
3341.98	0.0231427	0.0193856
3342.05	0.0218021	0.0209239
3342.13	0.0209452	0.0226576
3342.2	0.0244173	0.0246233
3342.28	0.0228523	0.0268642
3342.35	0.017858	0.0294303
3342.43	0.0212094	0.0323788
3342.5	0.0299939	0.0357732
3342.58	0.0352002	0.0396823
3342.65	0.0389872	0.0441778
3342.73	0.0430028	0.0493311
3342.8	0.0466807	0.0552088
3342.88	0.0556737	0.0618674
3342.95	0.0687956	0.0693455
3343.03	0.0786851	0.0776566
3343.1	0.0857843	0.0867795
3343.18	0.0945111	0.0966495
3343.25	0.108388	0.107149
3343.33	0.125352	0.118099
3343.4	0.139522	0.129252
3343.48	0.150872	0.14029
3343.55	0.160799	0.150821
3343.63	0.170916	0.160383
3343.7	0.181598	0.168456
3343.78	0.189351	0.174474
3343.85	0.189461	0.177852
3343.93	0.183697	0.178015
3344	0.17668	0.174441
3344.08	0.166582	0.166705
3344.15	0.150747	0.154531
3344.23	0.129421	0.137841
3344.3	0.109315	0.116796
3344.38	0.0873575	0.0918201
3344.45	0.0602912	0.0635967
3344.53	0.03364	0.0330434
3344.6	0.00210188	0.00125307
3344.68	-0.0321699	-0.0305854
3344.75	-0.0635897	-0.0612792
3344.83	-0.0918777	-0.0897248
3344.9	-0.114583	-0.114989
3344.98	-0.135426	-0.136366
3345.05	-0.14953	-0.153412
3345.13	-0.15444	-0.165946
3345.2	-0.162786	-0.174029
3345.28	-0.171184	-0.17792
3345.35	-0.176046	-0.178036
3345.43	-0.178594	-0.174894
3345.5	-0.170606	-0.169064
3345.58	-0.158621	-0.161134
3345.65	-0.147987	-0.15167
3345.73	-0.136262	-0.141198
3345.8	-0.123929	-0.130184
3345.88	-0.108048	-0.119027
3345.95	-0.0972474	-0.10805
3346.03	-0.0963648	-0.0975067
3346.1	-0.0905124	-0.0875806
3346.18	-0.0792871	-0.0783942
3346.25	-0.072465	-0.0700161
3346.33	-0.0643493	-0.0624706
3346.4	-0.0530717	-0.0557468
3346.48	-0.0457315	-0.0498075
3346.55	-0.0425954	-0.0445977
3346.63	-0.0415841	-0.0400511
3346.7	-0.0403871	-0.0360967
3346.78	-0.0400815	-0.0326625
3346.85	-0.041195	-0.0296795
3346.93	-0.0371678	-0.0270837
3347	-0.0347806	-0.0248174
3347.08	-0.0365892	-0.02283
3347.15	-0.0339172	-0.0210777
3347.23	-0.0301454	-0.0195236
3347.3	-0.0235483	-0.0181367
3347.38	-0.0195695	-0.0168914
3347.45	-0.0230292	-0.0157667
3347.53	-0.0200023	-0.0147454
3347.6	-0.0161732	-0.0138134
3347.68	-0.0215757	-0.0129593
3347.75	-0.0246474	-0.0121736
3347.83	-0.0211503	-0.0114484
3347.9	-0.0182411	-0.0107773
3347.98	-0.0177743	-0.0101547
3348.05	-0.0182608	-0.00957563
3348.13	-0.0169619	-0.00903601
3348.2	-0.0178148	-0.00853204
3348.28	-0.0225667	-0.00806032
3348.35	-0.0226358	-0.00761771
3348.43	-0.0195159	-0.00720125
3348.5	-0.0164867	-0.00680808
3348.58	-0.0149604	-0.00643539
3348.65	-0.0156251	-0.00608039
3348.73	-0.0142235	-0.00574019
3348.8	-0.0124284	-0.00541177
3348.88	-0.012728	-0.00509195
3348.95	-0.0136072	-0.00477726
3349.03	-0.0124285	-0.00446398
3349.1	-0.0107372	-0.004148
3349.18	-0.00771597	-0.00382485
3349.25	-0.00308444	-0.00348963
3349.33	-0.00207045	-0.00313704
3349.4	-0.00198235	-0.00276133
3349.48	-8.45994E-4	-0.0023564
3349.55	-4.70473E-4	-0.00191588
3349.63	0.00355583	-0.0014332
3349.7	0.00630389	-9.01756E-4
3349.78	7.08028E-4	-3.15163E-4
3349.85	-0.0057737	3.32543E-4
3349.93	-0.00575024	0.00104658
3350	0	0.00183109
3350.08	0.00421101	0.00268876
3350.15	0.00265991	0.00362041
3350.23	9.46163E-4	0.00462462
3350.3	0.00326455	0.00569732
3350.38	0.0044054	0.00683146
3350.45	0.00568049	0.00801667
3350.53	0.0098382	0.00923914
3350.6	0.0140492	0.0104815
3350.68	0.0167602	0.0117227
3350.75	0.0138976	0.0129386
3350.83	0.0109171	0.014102
3350.9	0.0149429	0.0151835
3350.98	0.0224018	0.0161518
3351.05	0.0216144	0.0169753
3351.13	0.014254	0.0176223
3351.2	0.0147847	0.018063
3351.28	0.0141635	0.0182701
3351.35	0.00989808	0.0182202
3351.43	0.0115032	0.0178952
3351.5	0.012205	0.017283
3351.58	0.0120959	0.0163786
3351.65	0.0125259	0.0151847
3351.73	0.0101776	0.0137121
3351.8	0.00840348	0.0119798
3351.88	0.00792226	0.0100145
3351.95	0.0049683	0.00785025
3352.03	-0.00106487	0.00552757
3352.1	-0.00385362	0.00309202
3352.18	-0.00272402	5.92921E-4
3352.25	-0.00293228	-0.00191828
3352.33	-0.00625174	-0.00438974
3352.4	-0.0136858	-0.00677094
3352.48	-0.0164615	-0.00901431
3352.55	-0.0129802	-0.0110768
3352.63	-0.0144565	-0.0129213
3352.7	-0.020103	-0.0145173
3352.78	-0.0259889	-0.0158422
3352.85	-0.0302715	-0.0168813
3352.93	-0.027633	-0.0176282
3353	-0.0237447	-0.0180842
3353.08	-0.0257699	-0.0182582
3353.15	-0.0272607	-0.0181656
3353.23	-0.0261271	-0.0178273
3353.3	-0.0216755	-0.017269
3353.38	-0.0153206	-0.0165193
3353.45	-0.0117001	-0.0156093
3353.53	-0.0100734	-0.0145708
3353.6	-0.0125225	-0.0134351
3353.68	-0.0165492	-0.0122327
3353.75	-0.0137471	-0.010992
3353.83	-0.00706235	-0.00973843
3353.9	-0.00592569	-0.00849461
3353.98	-0.00787936	-0.00727956
3354.05	-0.00693137	-0.00610874
3354.13	-0.00551235	-0.00499408
3354.2	-0.00588367	-0.00394411
3354.28	-0.00733726	-0.0029642
3354.35	-0.0105248	-0.00205691
3354.43	-0.0098714	-0.00122236
3354.5	-0.00382861	-4.5861E-4
3354.58	0	2.37927E-4
3354.65	0.00224687	8.72099E-4
3354.73	0.00491405	0.00144966
3354.8	0.00402933	0.00197695
3354.88	-1.76697E-4	0.00246061
3354.95	-0.00185664	0.00290738
3355.03	7.55292E-4	0.0033239
3355.1	0.00449516	0.00371658
3355.18	0.00525274	0.0040915
3355.25	0.00396521	0.00445437
3355.33	0.0043109	0.00481052
3355.4	0.00479342	0.00516483
3355.48	0.00700994	0.00552186
3355.55	0.00830139	0.00588578
3355.63	0.00910675	0.0062605
3355.7	0.0107281	0.0066497
3355.78	0.00802722	0.00705685
3355.85	0.00862051	0.00748535
3355.93	0.0140624	0.00793855
3356	0.0196064	0.00841985
3356.08	0.0215476	0.00893274
3356.15	0.0141627	0.00948096
3356.23	0.0085014	0.0100685
3356.3	0.00977148	0.0106999
3356.38	0.00944446	0.0113802
3356.45	0.0119125	0.0121151
3356.53	0.0166755	0.0129115
3356.6	0.0181616	0.0137776
3356.68	0.0159286	0.014723
3356.75	0.0137254	0.0157598
3356.83	0.0155078	0.0169023
3356.9	0.0192063	0.0181683
3356.98	0.021014	0.0195796
3357.05	0.0156839	0.0211626
3357.13	0.012812	0.0229491
3357.2	0.0207565	0.0249771
3357.28	0.0271809	0.0272915
3357.35	0.0285299	0.0299439
3357.43	0.0300236	0.0329932
3357.5	0.0319513	0.0365041
3357.58	0.0389119	0.0405464
3357.65	0.0447315	0.0451921
3357.73	0.0446656	0.0505119
3357.8	0.0518548	0.0565707
3357.88	0.0658065	0.0634211
3357.95	0.0755122	0.071097
3358.03	0.0782138	0.0796041
3358.1	0.0826042	0.0889121
3358.18	0.0954455	0.0989443
3358.25	0.105267	0.109569
3358.33	0.111666	0.120593
3358.4	0.124538	0.131751
3358.48	0.141715	0.142708
3358.55	0.155808	0.153055
3358.63	0.161691	0.162315
3358.7	0.165913	0.169955
3358.78	0.171555	0.175403
3358.85	0.174353	0.178073
3358.93	0.175966	0.177398
3359	0.169147	0.172876
3359.08	0.150683	0.16411
3359.15	0.136494	0.150868
3359.23	0.125955	0.133126
3359.3	0.104311	0.111105
3359.38	0.0727844	0.0852906
3359.45	0.040447	0.0564266
3359.53	0.0145885	0.0254777
3359.6	-0.0077301	-0.00643285
3359.68	-0.0364575	-0.0381067
3359.75	-0.0675708	-0.068364
3359.83	-0.0952894	-0.0961346
3359.9	-0.118642	-0.120535
3359.98	-0.136747	-0.140919
3360.05	-0.152812	-0.156907
3360.13	-0.162511	-0.168376
3360.2	-0.16777	-0.175439
3360.28	-0.174879	-0.178397
3360.35	-0.176189	-0.177694
3360.43	-0.170469	-0.173865
3360.5	-0.166164	-0.167487
3360.58	-0.159489	-0.159145
3360.65	-0.144891	-0.149398
3360.73	-0.133492	-0.138759
3360.8	-0.127358	-0.127679
3360.88	-0.115533	-0.116538
3360.95	-0.10603	-0.105644
3361.03	-0.098664	-0.0952333
3361.1	-0.0865222	-0.0854738
3361.18	-0.0807829	-0.0764747
3361.25	-0.0739947	-0.0682934
3361.33	-0.0644059	-0.060945
3361.4	-0.0612462	-0.0544116
3361.48	-0.0565533	-0.0486511
3361.55	-0.0519996	-0.0436053
3361.63	-0.0496673	-0.0392062
3361.7	-0.0442956	-0.0353822
3361.78	-0.0390443	-0.0320619
3361.85	-0.0390315	-0.0291772
3361.93	-0.0385703	-0.0266655
3362	-0.0339141	-0.0244707
3362.08	-0.0312009	-0.022544
3362.15	-0.0288806	-0.0208431
3362.23	-0.0235245	-0.0193326
3362.3	-0.0158781	-0.0179828
3362.38	-0.0123779	-0.0167694
3362.45	-0.0121566	-0.0156721
3362.53	-0.0123601	-0.0146746
3362.6	-0.0161476	-0.0137635
3362.68	-0.018075	-0.0129279
3362.75	-0.0200687	-0.0121585
3362.83	-0.0207359	-0.0114479
3362.9	-0.013306	-0.0107897
3362.98	-0.00552637	-0.0101783
3363.05	-0.00573984	-0.00960894
3363.13	-0.0097305	-0.0090774
3363.2	-0.0119316	-0.00857975
3363.28	-0.0109082	-0.00811234
3363.35	-0.00986733	-0.00767174
3363.43	-0.0125528	-0.00725455
3363.5	-0.012763	-0.00685741
3363.58	-0.0144879	-0.00647688
3363.65	-0.0200853	-0.0061094
3363.73	-0.0182788	-0.0057512
3363.8	-0.0107154	-0.00539824
3363.88	-0.00618095	-0.0050462
3363.95	-0.00539993	-0.00469036
3364.03	-0.00623791	-0.00432563
3364.1	-0.00641866	-0.00394654
3364.18	-0.00428693	-0.00354719
3364.25	-0.00787147	-0.00312135
3364.33	-0.0107447	-0.00266248
3364.4	-0.00630625	-0.0021639
3364.48	-0.00657791	-0.00161887
3364.55	-0.00599306	-0.00102087
3364.63	-0.00120213	-3.63781E-4
3364.7	-0.00336238	3.57788E-4
3364.78	-0.00679014	0.00114816
3364.85	-0.0033225	0.00201024
3364.93	0	0.00294508
3365	3.39579E-4	0.00395154
3365.08	5.75189E-4	0.00502582
3365.15	0.00557107	0.00616118
3365.23	0.0112747	0.00734759
3365.3	0.00788848	0.00857155
3365.38	0.00197822	0.00981598
3365.45	0.00274666	0.0110603
3365.53	0.00726128	0.0122805
3365.6	0.0103909	0.0134497
3365.68	0.0128807	0.0145386
3365.75	0.0140484	0.0155162
3365.83	0.014407	0.0163507
3365.9	0.0153476	0.0170106
3365.98	0.0203653	0.0174657
3366.05	0.026067	0.0176886
3366.13	0.0212353	0.0176554
3366.2	0.0104843	0.0173477
3366.28	0.00727572	0.0167528
3366.35	0.00887683	0.0158651
3366.43	0.00911789	0.0146867
3366.5	0.0145018	0.0132276
3366.58	0.0149339	0.0115061
3366.65	0.00269779	0.00954843
3366.73	-0.00398822	0.00738803
3366.8	0.00235631	0.00506485
3366.88	0.00730929	0.00262411
3366.95	0.00187718	1.14859E-4
3367.03	-0.00558527	-0.0024116
3367.1	-0.00625429	-0.00490341
3367.18	-0.00465868	-0.0073099
3367.25	-0.0084172	-0.00958325
3367.33	-0.0140126	-0.01168
3367.4	-0.0175268	-0.0135625
3367.48	-0.0165025	-0.0151999
3367.55	-0.0128158	-0.0165688
3367.63	-0.0162843	-0.0176539
3367.7	-0.0217778	-0.0184482
3367.78	-0.0195196	-0.0189526
3367.85	-0.0186947	-0.0191752
3367.93	-0.0224461	-0.019131
3368	-0.0216642	-0.0188408
3368.08	-0.0203717	-0.0183298
3368.15	-0.0195037	-0.0176266
3368.23	-0.0180805	-0.0167622
3368.3	-0.0222984	-0.0157683
3368.38	-0.0276584	-0.0146767
3368.45	-0.0247995	-0.0135179
3368.53	-0.0159755	-0.0123206
3368.6	-0.0100567	-0.0111108
3368.68	-0.00797997	-0.00991127
3368.75	-0.0100779	-0.00874156
3368.83	-0.00982765	-0.00761758
3368.9	-0.00594059	-0.00655169
3368.98	-0.00905878	-0.00555286
3369.05	-0.0134217	-0.00462692
3369.13	-0.0121604	-0.00377684
3369.2	-0.00740105	-0.00300313
3369.28	-0.00381265	-0.00230425
3369.35	-0.00683716	-0.00167699
3369.43	-0.00870345	-0.00111687
3369.5	-0.00514469	-6.18501E-4
3369.58	-0.00298165	-1.75899E-4
3369.65	-0.00189623	2.17211E-4
3369.73	-9.87703E-4	5.67181E-4
3369.8	-0.00327993	8.80245E-4
3369.88	-0.0045626	0.00116238
3369.95	-8.96161E-4	0.00141922
3370.03	0.00398804	0.00165596
3370.1	0.00415559	0.00187737
3370.18	0	0.00208774
3370.25	-0.00243424	0.00229094
3370.33	-0.00220739	0.00249043
3370.4	7.23281E-4	0.0026893
3370.48	0.00298033	0.0028903
3370.55	0.004845	0.00309594
3370.63	0.00514733	0.00330848
3370.7	0.00170057	0.00353004
3370.78	0.00249949	0.00376262
3370.85	0.00498309	0.00400815
3370.93	0.00514983	0.00426855
3371	0.00576408	0.00454581
3371.08	0.0071288	0.00484199
3371.15	0.00667574	0.00515932
3371.23	-4.99154E-4	0.00550029
3371.3	-0.00521034	0.00586771
3371.38	-0.00173237	0.00626483
3371.45	-3.2901E-4	0.00669549
3371.53	-6.1763E-4	0.00716428
3371.6	0.00383441	0.00767678
3371.68	0.00923516	0.00823979
3371.75	0.00654955	0.00886168
3371.83	5.32292E-4	0.00955272
3371.9	0.00218894	0.0103255
3371.98	0.00334658	0.0111954
3372.05	2.57733E-4	0.0121809
3372.13	0.0035172	0.0133042
3372.2	0.0067785	0.014591
3372.28	0.00359377	0.0160712
3372.35	0.00292231	0.0177783
3372.43	0.00471883	0.0197489
3372.5	0.00333168	0.0220217
3372.58	0.00586644	0.0246358
3372.65	0.0102489	0.0276283
3372.73	0.00735206	0.0310314
3372.8	0.00811536	0.0348687
3372.88	0.0166093	0.0391505
3372.95	0.0243824	0.0438691
3373.03	0.031279	0.0489937
3373.1	0.0395941	0.0544651
3373.18	0.0503456	0.0601912
3373.25	0.057725	0.066043
3373.33	0.0555968	0.0718524
3373.4	0.0548955	0.0774109
3373.48	0.0632571	0.0824722
3373.55	0.0690268	0.086756
3373.63	0.0735031	0.0899562
3373.7	0.0811483	0.0917531
3373.78	0.0850761	0.0918299
3373.85	0.0852605	0.089894
3373.93	0.0760918	0.0857033
3374	0.0610388	0.0790959
3374.08	0.0500398	0.0700205
3374.15	0.0419253	0.0585642
3374.23	0.0328532	0.0449703
3374.3	0.0188271	0.0296414
3374.38	0.00926284	0.0131224
3374.45	0.00340809	-0.00393745
3374.53	-0.0124129	-0.0208397
3374.6	-0.031234	-0.0369004
3374.68	-0.0466758	-0.051511
3374.75	-0.0599642	-0.0641871
3374.83	-0.0726208	-0.0745966
3374.9	-0.0859998	-0.0825676
3374.98	-0.0942467	-0.0880781
3375.05	-0.092948	-0.0912326
3375.13	-0.0871995	-0.0922329
3375.2	-0.085762	-0.091347
3375.28	-0.0881039	-0.0888816
3375.35	-0.0878668	-0.085157
3375.43	-0.0804146	-0.0804886
3375.5	-0.0698927	-0.0751721
3375.58	-0.0612655	-0.0694734
3375.65	-0.0535432	-0.0636223
3375.73	-0.051995	-0.0578091
3375.8	-0.0563269	-0.0521843
3375.88	-0.0547725	-0.0468599
3375.95	-0.0440949	-0.0419126
3376.03	-0.0361239	-0.0373885
3376.1	-0.0345278	-0.0333072
3376.18	-0.0339449	-0.0296677
3376.25	-0.0363272	-0.0264532
3376.33	-0.0372469	-0.0236358
3376.4	-0.034937	-0.0211807
3376.48	-0.0304364	-0.0190495
3376.55	-0.0231792	-0.017203
3376.63	-0.0176569	-0.0156033
3376.7	-0.011412	-0.0142152
3376.78	-0.00464193	-0.0130066
3376.85	-0.00391176	-0.0119496
3376.93	-0.00569548	-0.01102
3377	-0.00374713	-0.0101975
3377.08	-0.00310979	-0.00946484
3377.15	-0.00510662	-0.0088081
3377.23	-0.00269371	-0.00821576
3377.3	-0.00124938	-0.00767847
3377.38	-0.00441994	-0.00718863
3377.45	1.00508E-4	-0.00674006
3377.53	0.00737411	-0.0063277
3377.6	0.00442944	-0.0059474
3377.68	-0.00264002	-0.0055957
3377.75	-0.00351756	-0.00526966
3377.83	-0.00134303	-0.00496682
3377.9	9.21699E-5	-0.00468503
3377.98	0.00357128	-0.00442242
3378.05	0.00318911	-0.00417735
3378.13	4.58147E-4	-0.00394835
3378.2	0.00155333	-0.00373411
3378.28	0.00239674	-0.00353345
3378.35	0.00258157	-0.00334532
3378.43	0.00489922	-0.00316873
3378.5	0.006089	-0.0030028
3378.58	0.00660246	-0.00284674
3378.65	0.00644833	-0.00269981
3378.73	0.00146462	-0.00256133
3378.8	-0.00299182	-0.00243069
3378.88	-0.00246868	-0.00230733
3378.95	0.00234727	-0.00219071
3379.03	0.00560992	-0.00208037
3379.1	0	-0.00197587
3379.18	-0.00323512	-0.00187679
3379.25	6.21478E-4	-0.00178277
3379.33	0.0013058	-0.00169346
3379.4	0.00178615	-0.00160854
3379.48	2.74485E-4	-0.00152772
3379.55	-0.00751478	-0.00145072
3379.63	-0.0103004	-0.00137729
3379.7	-0.00264287	-0.0013072
3379.78	6.93733E-4	-0.00124023
3379.85	-0.00520692	-0.00117618
3379.93	-0.00708572	-0.00111486
3380	-0.00536683	-0.00105609
3380.08	-0.0040511	-9.99714E-4
3380.15	0	-9.45579E-4
3380.23	0.00251118	-8.93544E-4
3380.3	2.17788E-4	-8.43475E-4
3380.38	-0.00175046	-7.95249E-4
3380.45	-0.00347659	-7.4875E-4
3380.53	-0.00808611	-7.03871E-4
3380.6	-0.0116527	-6.60509E-4
3380.68	-0.0110729	-6.1857E-4
3380.75	-0.00812333	-5.77963E-4
3380.83	-0.00393753	-5.38604E-4
3380.9	0	-5.00414E-4
3380.98	0.00391111	-4.63319E-4
3381.05	0.00554692	-4.27247E-4
3381.13	0.00286251	-3.92133E-4
3381.2	0.00318282	-3.57913E-4
3381.28	0.00547939	-3.24528E-4
3381.35	0.00549298	-2.91921E-4
3381.43	0.00312285	-2.60039E-4
3381.5	0.00189887	-2.28831E-4
3381.58	0.00630402	-1.98248E-4
3381.65	0.0100317	-1.68245E-4
3381.73	0.0139546	-1.38777E-4
3381.8	0.0180637	-1.09803E-4
3381.88	0.0143498	-8.12821E-5
3381.95	0.00480149	-5.31762E-5
3382.03	-0.00227077	-2.54484E-5
3382.1	-0.00602646	1.93689E-6
3382.18	-0.0080509	2.90136E-5
3382.25	-0.0043193	5.58147E-5
3382.33	0.00193243	8.23719E-5
3382.4	0.00440686	1.08716E-4
3382.48	0.00156761	1.34876E-4
3382.55	0	1.60882E-4
3382.63	0.00276965	1.86761E-4
3382.7	0.00478526	2.12541E-4
3382.78	0.00595841	2.38248E-4
3382.85	0.00556644	2.63909E-4
3382.93	0.00465632	2.89549E-4
3383	0.00427212	3.15194E-4
3383.08	0.005243	3.40867E-4
3383.15	0.00503661	3.66594E-4
3383.23	7.35669E-4	3.92398E-4
3383.3	-0.00349924	4.18303E-4
3383.38	-0.00335986	4.44334E-4
3383.45	-0.0017543	4.70512E-4
3383.53	5.00401E-4	4.96863E-4
3383.6	0.00438819	5.23409E-4
3383.68	0.00509529	5.50174E-4
3383.75	0.00355966	5.77182E-4
3383.83	-0.00181282	6.04455E-4
3383.9	-0.00677006	6.32018E-4
3383.98	-0.00499996	6.59895E-4
3384.05	0	6.8811E-4
3384.13	0.00481395	7.16688E-4
3384.2	0.00546627	7.45654E-4
3384.28	0.00173098	7.75034E-4
3384.35	-0.00254097	8.04854E-4
3384.43	-0.00276454	8.35141E-4
3384.5	0.00169278	8.65923E-4
3384.58	0.00296773	8.97228E-4
3384.65	0.00240497	9.29085E-4
3384.73	0.00441238	9.61526E-4
3384.8	0.00335355	9.94581E-4
3384.88	0.00113025	0.00102828
3384.95	-5.22309E-4	0.00106267
3385.03	-0.00310785	0.00109778
3385.1	-0.00414182	0.00113364
3385.18	-0.00245151	0.0011703
3385.25	0.00130259	0.0012078
3385.33	0.00303837	0.00124618
3385.4	0	0.0012855
3385.48	-0.00110483	0.00132581
3385.55	0.00178243	0.00136715
3385.63	9.0947E-4	0.0014096
3385.7	-3.34515E-4	0.0014532
3385.78	0.00130666	0.00149804
3385.85	-3.65243E-4	0.00154419
3385.93	-4.4976E-4	0.00159173
3386	0.00230238	0.00164073
3386.08	-4.74697E-4	0.00169131
3386.15	-0.00237758	0.00174355
3386.23	0.00205458	0.00179758
3386.3	0.00670158	0.00185352
3386.38	0.00848351	0.00191149
3386.45	0.00663776	0.00197164
3386.53	0.00444309	0.00203413
3386.6	0.00356017	0.00209912
3386.68	0.00520943	0.00216682
3386.75	0.0114649	0.00223741
3386.83	0.0133517	0.00231112
3386.9	0.00643114	0.00238818
3386.98	0	0.00246886
3387.05	0.00114162	0.00255345
3387.13	0.00333567	0.00264223
3387.2	0.00241041	0.00273554
3387.28	0.00417201	0.00283374
3387.35	0.00505693	0.00293721
3387.43	0.00534702	0.00304636
3387.5	0.00816524	0.00316162
3387.58	0.00745902	0.00328347
3387.65	0.00474761	0.0034124
3387.73	0.00383363	0.00354896
3387.8	0.00369341	0.0036937
3387.88	6.78682E-4	0.00384723
3387.95	-0.00155232	0.00401017
3388.03	0.00399926	0.00418319
3388.1	0.0122504	0.00436698
3388.18	0.0159863	0.00456227
3388.25	0.0155329	0.0047698
3388.33	0.0162599	0.00499035
3388.4	0.0159165	0.00522473
3388.48	0.0116905	0.00547375
3388.55	0.00850602	0.00573825
3388.63	0.00742613	0.00601907
3388.7	0.00973459	0.00631707
3388.78	0.0140335	0.00663309
3388.85	0.0136685	0.00696797
3388.93	0.0132889	0.00732254
3389	0.0183152	0.0076976
3389.08	0.0198078	0.0080939
3389.15	0.012864	0.00851218
3389.23	0.00604497	0.00895309
3389.3	0.00666732	0.00941722
3389.38	0.0122083	0.00990509
3389.45	0.0175157	0.0104171
3389.53	0.020297	0.0109537
3389.6	0.0207643	0.0115148
3389.68	0.0209712	0.0121008
3389.75	0.0211525	0.0127113
3389.83	0.018801	0.0133462
3389.9	0.0192218	0.0140051
3389.98	0.0235429	0.0146873
3390.05	0.0252368	0.015392
3390.13	0.0254751	0.016118
3390.2	0.0225161	0.0168642
3390.28	0.01611	0.0176289
3390.35	0.0156846	0.0184104
3390.43	0.0216019	0.0192066
3390.5	0.0252767	0.0200151
3390.58	0.029416	0.0208333
3390.65	0.0334582	0.0216583
3390.73	0.031635	0.0224869
3390.8	0.0312495	0.0233156
3390.88	0.0324201	0.0241405
3390.95	0.02923	0.0249577
3391.03	0.0281538	0.0257627
3391.1	0.0305417	0.026551
3391.18	0.0292749	0.0273177
3391.25	0.0284467	0.0280577
3391.33	0.031576	0.0287656
3391.4	0.0291656	0.0294361
3391.48	0.0267945	0.0300634
3391.55	0.0288803	0.0306417
3391.63	0.0286987	0.0311651
3391.7	0.0314784	0.0316277
3391.78	0.0338859	0.0320236
3391.85	0.0340525	0.0323466
3391.93	0.0348287	0.032591
3392	0.0310528	0.0327511
3392.08	0.0343502	0.0328212
3392.15	0.0452978	0.0327961
3392.23	0.0449679	0.0326707
3392.3	0.0364649	0.0324404
3392.38	0.0279113	0.032101
3392.45	0.0263763	0.0316488
3392.53	0.0341656	0.0310806
3392.6	0.0345719	0.030394
3392.68	0.026477	0.0295872
3392.75	0.0249044	0.0286591
3392.83	0.0242154	0.0276097
3392.9	0.0215035	0.0264396
3392.98	0.0237801	0.0251505
3393.05	0.0223299	0.0237449
3393.13	0.0179023	0.0222266
3393.2	0.0204419	0.0206002
3393.28	0.0214198	0.0188714
3393.35	0.0162224	0.0170467
3393.43	0.0131079	0.0151339
3393.5	0.0125557	0.0131415
3393.58	0.01395	0.0110789
3393.65	0.014831	0.00895639
3393.73	0.0117272	0.00678471
3393.8	0.00471267	0.00457535
3393.88	-0.00360133	0.00234018
3393.95	-0.00640405	9.13717E-5
3394.03	-0.00486021	-0.00215874
3394.1	-0.00197438	-0.0043978
3394.18	-9.18381E-4	-0.00661358
3394.25	-0.00728925	-0.00879416
3394.33	-0.00892849	-0.010928
3394.4	-0.00550835	-0.013004
3394.48	-0.0131901	-0.015012
3394.55	-0.0211903	-0.0169423
3394.63	-0.0175615	-0.0187862
3394.7	-0.00831962	-0.0205358
3394.78	-0.00737291	-0.0221843
3394.85	-0.0172645	-0.0237258
3394.93	-0.0216686	-0.0251554
3395	-0.018516	-0.0264693
3395.08	-0.0194669	-0.0276647
3395.15	-0.0262443	-0.0287397
3395.23	-0.0318854	-0.0296934
3395.3	-0.0289884	-0.0305258
3395.38	-0.0234677	-0.0312377
3395.45	-0.031764	-0.0318307
3395.53	-0.0431659	-0.0323073
3395.6	-0.0418056	-0.0326703
3395.68	-0.0393438	-0.0329234
3395.75	-0.0419523	-0.0330707
3395.83	-0.0428481	-0.0331168
3395.9	-0.0371737	-0.0330665
3395.98	-0.0304287	-0.0329252
3396.05	-0.0328876	-0.0326983
3396.13	-0.0366912	-0.0323916
3396.2	-0.0343414	-0.032011
3396.28	-0.0332322	-0.0315623
3396.35	-0.0332405	-0.0310515
3396.43	-0.0312611	-0.0304847
3396.5	-0.0315432	-0.0298676
3396.58	-0.03435	-0.0292062
3396.65	-0.0335668	-0.0285061
3396.73	-0.0286648	-0.0277729
3396.8	-0.0243176	-0.027012
3396.88	-0.024726	-0.0262284
3396.95	-0.0277662	-0.025427
3397.03	-0.0254592	-0.0246126
3397.1	-0.0209602	-0.0237896
3397.18	-0.0238912	-0.022962
3397.25	-0.0261337	-0.0221338
3397.33	-0.0201426	-0.0213085
3397.4	-0.0172873	-0.0204893
3397.48	-0.0177175	-0.0196792
3397.55	-0.0172924	-0.018881
3397.63	-0.0178033	-0.018097
3397.7	-0.0156981	-0.0173294
3397.78	-0.0138466	-0.01658
3397.85	-0.0175729	-0.0158504
3397.93	-0.0203883	-0.015142
3398	-0.0164494	-0.0144559
3398.08	-0.016238	-0.013793
3398.15	-0.0202886	-0.0131539
3398.23	-0.0182056	-0.0125392
3398.3	-0.0139296	-0.011949
3398.38	-0.0121556	-0.0113837
3398.45	-0.0113394	-0.010843
3398.53	-0.0115419	-0.0103269
3398.6	-0.0137426	-0.00983504
3398.68	-0.015318	-0.00936706
3398.75	-0.0143004	-0.00892245
3398.83	-0.0163592	-0.00850063
3398.9	-0.0200349	-0.00810096
3398.98	-0.0180809	-0.00772271
3399.05	-0.0110193	-0.00736514
3399.13	-0.00633008	-0.00702747
3399.2	-0.00793026	-0.00670885
3399.28	-0.00974047	-0.00640847
3399.35	-0.0105152	-0.00612548
3399.43	-0.0101503	-0.00585902
3399.5	-0.00814192	-0.00560824
3399.58	-0.00561312	-0.00537232
3399.65	-0.00268225	-0.00515043
3399.73	-0.00269061	-0.00494176
3399.8	-0.00602312	-0.00474554
3399.88	-0.00982101	-0.004561
3399.95	-0.0129224	-0.00438742
3400.03	-0.0133301	-0.0042241
3400.1	-0.0073773	-0.00407038
3400.18	-0.00123755	-0.00392561
3400.25	4.02853E-4	-0.00378919
3400.33	0.00208139	-0.00366055
3400.4	0.00195685	-0.00353915
3400.48	-0.00241817	-0.00342449
3400.55	-0.00823519	-0.00331608
3400.63	-0.00890566	-0.0032135
3400.7	-0.00546439	-0.00311631
3400.78	-0.00248871	-0.00302414
3400.85	-8.28052E-4	-0.00293662
3400.93	-0.00431817	-0.00285343
3401	-0.0084692	-0.00277425
3401.08	-0.00964636	-0.00269881
3401.15	-0.0076614	-0.00262683
3401.23	-0.0022215	-0.00255808
3401.3	0.00177337	-0.00249234
3401.38	0.00418866	-0.00242939
3401.45	0.00619713	-0.00236906
3401.53	0.00411704	-0.00231117
3401.6	0	-0.00225556
3401.68	-0.00236933	-0.00220208
3401.75	-0.00261964	-0.00215062
3401.83	-0.00287475	-0.00210104
3401.9	-0.00443209	-0.00205322
3401.98	-0.00149586	-0.00200708
3402.05	3.69957E-4	-0.00196252
3402.13	-0.00267843	-0.00191944
3402.2	-0.0041268	-0.00187778
3402.28	-0.00827047	-0.00183746
3402.35	-0.0129954	-0.00179841
3402.43	-0.00829835	-0.00176056
3402.5	-0.00239716	-0.00172388
3402.58	-0.00536712	-0.00168829
3402.65	-0.0107264	-0.00165375
3402.73	-0.00826842	-0.00162022
3402.8	-5.33375E-4	-0.00158766
3402.88	-0.00150318	-0.00155602
3402.95	-0.00773193	-0.00152527
3403.03	-0.00912149	-0.00149537
3403.1	-0.00961338	-0.00146629
3403.18	-0.0110734	-0.001438
3403.25	-0.0122765	-0.00141048
3403.33	-0.0142407	-0.00138369
3403.4	-0.00894464	-0.0013576
3403.48	4.89372E-4	-0.00133221
3403.55	-6.30644E-4	-0.00130747
3403.63	-0.00574804	-0.00128338
3403.7	-0.00808396	-0.00125991
3403.78	-0.0075054	-0.00123703
3403.85	-0.00331171	-0.00121474
3403.93	4.9476E-4	-0.001193
3404	0.00137016	-0.00117181
3404.08	0	-0.00115115
3404.15	-0.00207178	-0.001131
3404.23	-0.00472675	-0.00111134
3404.3	-0.00565229	-0.00109217
3404.38	-0.00375051	-0.00107346
3404.45	-0.00240471	-0.00105521
3404.53	-0.00234901	-0.00103739
3404.6	-0.00470961	-0.00102
3404.68	-0.00674367	-0.00100303
3404.75	-0.00472695	-9.8646E-4
3404.83	-0.00495343	-9.70279E-4
3404.9	-0.00503591	-9.54478E-4
3404.98	1.48543E-4	-9.39046E-4
3405.05	0.00187376	-9.23973E-4
3405.13	-0.00271625	-9.09247E-4
3405.2	-0.00522702	-8.94861E-4
3405.28	-0.00861195	-8.80804E-4
3405.35	-0.0124547	-8.67067E-4
3405.43	-0.0113738	-8.53642E-4
3405.5	-0.0101349	-8.40519E-4
3405.58	-0.006539	-8.27691E-4
3405.65	0	-8.1515E-4
3405.73	0.00345347	-8.02887E-4
3405.8	-5.89904E-4	-7.90896E-4
3405.88	-0.00854017	-7.79169E-4
3405.95	-0.0103612	-7.67699E-4
3406.03	-0.00526939	-7.56479E-4
3406.1	0.00138204	-7.45502E-4
3406.18	0.00305139	-7.34763E-4
3406.25	-7.1146E-4	-7.24254E-4
3406.33	-0.00392772	-7.13971E-4
3406.4	-0.00475965	-7.03906E-4
3406.48	-0.00623952	-6.94055E-4
3406.55	-0.0074415	-6.84412E-4
3406.63	-0.00213216	-6.74971E-4
3406.7	0.0010851	-6.65728E-4
3406.78	-0.00144274	-6.56677E-4
3406.85	-0.00245072	-6.47813E-4
3406.93	-0.00299621	-6.39132E-4
3407	-0.0045651	-6.30629E-4
3407.08	-0.00526536	-6.223E-4
3407.15	-0.00170657	-6.14141E-4
3407.23	0.00116104	-6.06146E-4
3407.3	-9.08683E-4	-5.98313E-4
3407.38	-0.00375697	-5.90636E-4
3407.45	-0.00365898	-5.83113E-4
3407.53	-8.39809E-4	-5.7574E-4
3407.6	0	-5.68512E-4
3407.68	-1.65831E-4	-5.61427E-4
3407.75	0.00272407	-5.5448E-4
3407.83	0.00187928	-5.4767E-4
3407.9	-0.00185395	-5.40991E-4
3407.98	-0.00218004	-5.34442E-4
3408.05	-0.00124793	-5.28019E-4
3408.13	-1.67381E-4	-5.21719E-4
3408.2	-0.00104444	-5.15539E-4
3408.28	-0.00114175	-5.09477E-4
3408.35	1.99612E-4	-5.0353E-4
3408.43	0.00108654	-4.97694E-4
3408.5	0.00225949	-4.91968E-4
3408.58	-7.76235E-4	-4.86349E-4
3408.65	-0.00358152	-4.80835E-4
3408.73	-0.00378197	-4.75422E-4
3408.8	-0.00255873	-4.7011E-4
3408.88	0.00191762	-4.64894E-4
3408.95	0.00295371	-4.59775E-4
3409.03	7.65205E-4	-4.54748E-4
3409.1	0.00258302	-4.49813E-4
3409.18	0.00444859	-4.44966E-4
3409.25	0.00268431	-4.40207E-4
3409.33	-8.41124E-4	-4.35533E-4
3409.4	-0.00351472	-4.30942E-4
3409.48	0	-4.26432E-4
3409.55	0.0030978	-4.22003E-4
3409.63	0.00545294	-4.17651E-4
3409.7	0.00809336	-4.13375E-4
3409.78	0.00433318	-4.09174E-4
3409.85	-7.58532E-4	-4.05046E-4
3409.93	-0.00306011	-4.0099E-4
3410	-0.00394497	-3.97003E-4
3410.08	-0.00292603	-3.93085E-4
3410.15	0.00200932	-3.89234E-4
3410.23	0.00223787	-3.85448E-4
3410.3	-0.00382304	-3.81727E-4
3410.38	-0.00569664	-3.78068E-4
3410.45	-0.00413188	-3.74471E-4
3410.53	-0.00180722	-3.70935E-4
3410.6	-0.00163928	-3.67457E-4
3410.68	0.0012786	-3.64037E-4
3410.75	0.00656339	-3.60674E-4
3410.83	0.00332643	-3.57366E-4
3410.9	-0.0032568	-3.54112E-4
3410.98	-0.00290292	-3.50912E-4
3411.05	-0.00162064	-3.47764E-4
3411.13	-0.00509948	-3.44666E-4
3411.2	-0.00504999	-3.41619E-4
3411.28	-0.00447134	-3.38621E-4
3411.35	-0.00866784	-3.35671E-4
3411.43	-0.00898538	-3.32769E-4
3411.5	-0.00185944	-3.29912E-4
3411.58	0.00106152	-3.27101E-4
3411.65	-0.00206308	-3.24334E-4
3411.73	-0.0060819	-3.21611E-4
3411.8	-0.00447607	-3.1893E-4
3411.88	0.00291287	-3.16291E-4
3411.95	0	-3.13693E-4
3412.03	-0.0048891	-3.11136E-4
3412.1	-0.00406261	-3.08618E-4
3412.18	-0.00722605	-3.06138E-4
3412.25	-0.0049721	-3.03697E-4
3412.33	0.00222473	-3.01293E-4
3412.4	0.003083	-2.98925E-4
3412.48	0.00147557	-2.96594E-4
3412.55	-0.00192037	-2.94297E-4
3412.63	-0.00342148	-2.92035E-4
3412.7	-9.59628E-4	-2.89807E-4
3412.78	-0.00257152	-2.87613E-4
3412.85	-0.00487047	-2.8545E-4
3412.93	-0.00532028	-2.8332E-4
3413	-0.00789012	-2.81222E-4
3413.08	-0.00910309	-2.79154E-4
3413.15	-0.00691738	-2.77116E-4
3413.23	-0.00507912	-2.75109E-4
3413.3	-0.00140256	-2.7313E-4
3413.38	0.00506857	-2.71181E-4
3413.45	0.00540192	-2.69259E-4
3413.53	0.00203451	-2.67365E-4
3413.6	0	-2.65498E-4
3413.68	0.00149772	-2.63658E-4
3413.75	0.00743316	-2.61844E-4
3413.83	0.00923279	-2.60056E-4
3413.9	0.0054341	-2.58293E-4
3413.98	0.00254861	-2.56555E-4
3414.05	0.00397473	-2.54842E-4
3414.13	0.0057799	-2.53152E-4
3414.2	0.00712087	-2.51486E-4
3414.28	0.00831892	-2.49843E-4
3414.35	0.00557381	-2.48223E-4
3414.43	0.00246884	-2.46625E-4
3414.5	0.00292914	-2.45049E-4
3414.58	0.00305059	-2.43495E-4
3414.65	0.00230449	-2.41962E-4
3414.73	0.0058801	-2.4045E-4
3414.8	0.0111714	-2.38959E-4
3414.88	0.0101256	-2.37487E-4
3414.95	0.00392437	-2.36036E-4
3415.03	-0.00227009	-2.34604E-4
3415.1	-0.00423496	-2.33191E-4
3415.18	-0.00232255	-2.31797E-4
3415.25	-0.00435269	-2.30421E-4
3415.33	-0.00531112	-2.29064E-4
3415.4	0	-2.27725E-4
3415.48	0.00330547	-2.26403E-4
3415.55	0.00403608	-2.25099E-4
3415.63	0.00406223	-2.23811E-4
3415.7	0.00341964	-2.22541E-4
3415.78	0.00314665	-2.21287E-4
3415.85	1.50953E-4	-2.20049E-4
3415.93	-0.00132404	-2.18827E-4
3416	0.00229429	-2.17621E-4
3416.08	0.00387722	-2.16431E-4
3416.15	6.30482E-4	-2.15255E-4
3416.23	-0.00460838	-2.14095E-4
3416.3	-0.0037678	-2.12949E-4
3416.38	4.18285E-4	-2.11818E-4
3416.45	-6.10811E-4	-2.10701E-4
3416.53	-0.00129691	-2.09598E-4
3416.6	0.0011393	-2.08509E-4
3416.68	0.00261584	-2.07434E-4
3416.75	0	-2.06372E-4
3416.83	-0.00513163	-2.05323E-4
3416.9	-0.00712671	-2.04287E-4
3416.98	-0.00409657	-2.03264E-4
3417.05	1.26218E-4	-2.02254E-4
3417.13	-3.33951E-4	-2.01256E-4
3417.2	-0.0025096	-2.0027E-4
3417.28	0.00169681	-1.99296E-4
3417.35	0.00533433	-1.98334E-4
3417.43	0.00413769	-1.97384E-4
3417.5	0.00229341	-1.96445E-4
3417.58	-0.00202367	-1.95518E-4
3417.65	-0.00357652	-1.94601E-4
3417.73	0.00134528	-1.93696E-4
3417.8	0.00430723	-1.92801E-4
3417.88	-0.00171778	-1.91917E-4
3417.95	-0.0050485	-1.91044E-4
3418.03	-8.64794E-4	-1.9018E-4
3418.1	0	-1.89327E-4
3418.18	0.00144931	-1.88484E-4
3418.25	0.00292813	-1.87651E-4
3418.33	6.23876E-4	-1.86828E-4
3418.4	-0.00131948	-1.86014E-4
3418.48	-7.22095E-4	-1.8521E-4
3418.55	0.00349934	-1.84415E-4
3418.63	0.00405758	-1.83629E-4
3418.7	-0.00138787	-1.82852E-4
3418.78	-0.00290231	-1.82084E-4
3418.85	2.19862E-4	-1.81325E-4
3418.93	0.00242157	-1.80575E-4
3419	-9.46186E-4	-1.79833E-4
3419.08	-0.00311825	-1.79099E-4
3419.15	0.00195052	-1.78374E-4
3419.23	0.00446445	-1.77657E-4
3419.3	0.00268134	-1.76948E-4
3419.38	0.00134148	-1.76247E-4
3419.45	7.72416E-4	-1.75554E-4
3419.53	0	-1.74868E-4
3419.6	0.00310022	-1.74191E-4
3419.68	0.00980966	-1.7352E-4
3419.75	0.00914191	-1.72857E-4
3419.83	3.6637E-4	-1.72202E-4
3419.9	-0.00392078	-1.71553E-4
3419.98	0	-1.70912E-4
3420.05	0.00260452	-1.70278E-4
3420.13	0.0029388	-1.6965E-4
3420.2	0.00333675	-1.6903E-4
3420.28	-0.00272038	-1.68416E-4
3420.35	-0.00915212	-1.67809E-4
3420.43	-0.00637694	-1.67208E-4
3420.5	-0.0014618	-1.66614E-4
3420.58	0.0044788	-1.66026E-4
3420.65	0.0118915	-1.65444E-4
3420.73	0.00904198	-1.64869E-4
3420.8	0.0036422	-1.643E-4
3420.88	0.00464432	-1.63737E-4
3420.95	0.0039556	-1.63179E-4
3421.03	9.18771E-4	-1.62628E-4
3421.1	-8.49647E-4	-1.62082E-4
3421.18	0	-1.61542E-4
3421.25	0.00403028	-1.61008E-4
3421.33	0.00482438	-1.60479E-4
3421.4	-3.51449E-4	-1.59956E-4
3421.48	-0.0021212	-1.59439E-4
3421.55	-0.00410414	-1.58926E-4
3421.63	-0.00762903	-1.58419E-4
3421.7	-0.00733337	-1.57917E-4
3421.78	-0.00279126	-1.5742E-4
3421.85	0.00237095	-1.56929E-4
3421.93	-9.87971E-4	-1.56442E-4
3422	-0.00117054	-1.5596E-4
3422.08	0.00274866	-1.55483E-4
3422.15	0	-1.55011E-4
3422.23	-5.9214E-4	-1.54544E-4
3422.3	0.00138612	-1.54082E-4
3422.38	0.00125848	-1.53624E-4
3422.45	0.00317891	-1.53171E-4
3422.53	0.00707476	-1.52722E-4
3422.6	0.00285515	-1.52277E-4
3422.68	-0.00498414	-1.51838E-4
3422.75	-0.00558788	-1.51402E-4
3422.83	-0.00202017	-1.50971E-4
3422.9	-1.07064E-4	-1.50544E-4
3422.98	-0.00345978	-1.50121E-4
3423.05	-0.00434045	-1.49702E-4
3423.13	7.70746E-4	-1.49288E-4
3423.2	0.00130834	-1.48877E-4
3423.28	-0.00301974	-1.48471E-4
3423.35	-0.00616132	-1.48068E-4
3423.43	-0.00548959	-1.4767E-4
3423.5	-0.00293959	-1.47275E-4
3423.58	-0.00374242	-1.46884E-4
3423.65	-0.00795939	-1.46497E-4
3423.73	-0.00988235	-1.46113E-4
3423.8	-0.00490696	-1.45733E-4
3423.88	-7.5769E-4	-1.45357E-4
3423.95	0	-1.44984E-4
3424.03	0.00507942	-1.44615E-4
3424.1	0.0112606	-1.4425E-4
3424.18	0.012312	-1.43888E-4
3424.25	0.0125611	-1.43529E-4
3424.33	0.0129202	-1.43173E-4
3424.4	0.0102538	-1.42821E-4
3424.48	0.00911467	-1.42473E-4
3424.55	0.00894155	-1.42127E-4
3424.63	0.0043393	-1.41785E-4
3424.7	-0.00202172	-1.41446E-4
3424.78	-0.00322519	-1.4111E-4
3424.85	0	-1.40777E-4
3424.93	0	-1.40447E-4
